[{"mu":[["-0.37087","-0.53689","-0.69995","0.057802","-0.060333","0.21764","0.011326","0.092355","0.39706","-0.54956","-0.1206","-0.53643","0.021833","0.099499","0.20515","0.03095","0.057024","0.096302","-0.042803","0.039261","-0.0044275","-0.050247","0.044627","0.029848","0.07649","0.014292","0.031713","0.053927","0.023506","0.013502","-0.015732","-0.01269","0.0043213","-0.018537","-0.048502","-0.0045592","0.0366","0.01748","0.077081"],["0.63277","0.51795","0.44035","0.28801","0.74551","0.72731","-0.49184","0.31884","0.48266","0.41899","0.50162","0.51965","0.79699","0.24957","0.26435","0.20906","0.26087","0.15721","-0.17989","0.50962","-0.1147","-0.035401","-0.1347","-0.41698","-0.34034","-0.53446","0.12625","0.029167","0.34998","-0.10542","0.13686","-0.14568","0.1642","0.068998","0.077626","0.17822","0.10471","-0.023091","-0.35025"],["0.80485","0.15026","1.3102","-0.66189","0.3538","-0.19436","0.015037","0.50917","-0.54643","-0.064551","0.10519","0.11068","-0.361","-0.67771","-0.4036","-1.0081","-0.2984","-0.87285","0.26767","-1.0921","-0.20703","0.0087406","0.66326","0.22215","0.39545","0.90744","-0.79832","-0.17087","-0.98794","-0.044231","-0.62539","-0.012366","-0.0077212","-0.3","-0.31935","0.024516","-0.61029","0.41474","0.10939"],["-0.061631","0.581","1.8607","-1.6715","-0.43318","2.4823","-0.44574","0.55567","0.046641","0.51608","0.22777","0.2704","0.71206","-1.0282","-4.0372","-0.035288","-0.70715","1.197","-2.7843","0.167","-0.12502","0.19265","-0.86862","1.271","0.59378","-1.5437","1.988","4.564","0.23008","2.3138","-0.62035","1.4357","-0.83814","-0.10904","-0.22377","0.83054","-0.74669","0.028711","0.12376"],["-0.090486","0.99654","0.71127","0.058837","-0.8809","-1.5631","0.54612","-1.0592","-1.4544","1.3065","-0.27469","1.0413","-0.77695","-0.062831","-0.41688","0.37273","-0.22683","0.044967","0.3386","0.047097","0.29989","0.18414","-0.39996","0.14196","-0.17431","0.028752","0.18477","-0.38658","0.20355","-0.043287","0.37511","0.12263","-0.14187","0.19924","0.30731","-0.2614","0.24055","-0.32404","0.067489"]]},{"InversedSigmas":[[["8.823","-1.0096","-0.39935","-0.33602","-0.53065","-0.34771","0.52548","0.15208","-0.073629","-0.10153","-0.7398","-0.94126","-0.10146","-0.81108","-0.6129","-0.50799","-0.33438","0.27202","0.14636","-0.57505","-0.44106","0.33026","-0.010881","-0.60225","-0.21368","-0.043819","0.024996","0.073959","0.10083","-0.16047","-0.032521","0.12827","0.019369","-0.017586","0.068304","-0.083769","-0.10765","-0.16492","-0.14107"],["-1.0096","4.4071","-0.062522","0.57322","-0.99029","0.048984","-0.82469","0.35052","0.30205","-0.72666","-0.73188","-0.74963","-1.0016","-0.32947","0.33272","-1.3625","0.21257","-0.082077","0.11783","-0.31264","0.36435","0.54653","-0.12888","-0.51851","-0.040077","-0.034686","-0.047491","0.58868","-0.26762","-0.55512","-0.27696","-0.093562","0.083864","0.050994","0.10927","-0.18343","-0.042225","0.13976","-0.27316"],["-0.39935","-0.062522","6.8387","1.1965","-0.43051","-0.20529","-0.052686","-0.9407","0.54085","-0.73164","-0.20436","-0.26378","-0.78652","-0.10314","0.091828","0.83405","-0.74971","0.58278","1.0009","0.72037","-0.28656","0.78732","0.98315","-0.091996","-0.43828","-0.34807","0.14891","-0.0062526","0.40382","0.22361","0.053868","0.012852","0.038111","-0.24785","-0.005274","-0.1758","-0.15483","-0.29696","-0.28845"],["-0.33602","0.57322","1.1965","4.5959","1.2845","-0.14792","-0.13296","1.7395","-0.60244","0.10079","-0.6804","-1.6138","1.1282","-0.37607","0.20354","-0.21049","0.48076","-0.31785","0.99056","0.096726","0.60017","0.15689","0.026807","-0.63698","-0.37934","0.35417","-0.031861","0.2319","0.44424","0.022831","0.18363","0.078747","-0.132","-0.38115","0.1298","0.12202","-0.030234","-0.0026247","0.093633"],["-0.53065","-0.99029","-0.43051","1.2845","3.9334","0.85242","-0.44191","0.93304","-0.91005","-1.3736","-0.02944","0.39926","0.53755","-0.41155","-0.33098","-0.13834","0.47368","0.83129","0.37242","-0.0881","-0.11847","0.080601","-0.11331","-0.16326","-0.6994","-0.26621","-0.17085","-0.11993","0.27812","-0.19092","0.47793","-0.089303","-0.24403","-0.091733","-0.1387","-0.19739","-0.082619","-0.019761","-0.058656"],["-0.34771","0.048984","-0.20529","-0.14792","0.85242","5.9819","0.26111","-0.53372","0.4569","-0.65421","0.067472","0.65702","-0.12269","-0.32269","0.54531","-0.10816","0.082695","0.099267","0.848","-0.8367","0.37551","-0.050347","-0.58834","-0.031118","0.15903","0.0061027","0.079698","-0.15941","0.43689","0.023953","0.21391","0.68402","0.27661","-0.24883","-0.51644","0.12875","0.010231","-0.060086","0.012722"],["0.52548","-0.82469","-0.052686","-0.13296","-0.44191","0.26111","4.0079","-0.12808","-2.1879","0.56771","1.038","0.60819","0.98943","0.076896","0.13253","0.36424","-0.26046","0.095356","-0.05624","0.60531","0.2876","-0.18249","-0.16819","0.63559","0.60825","-0.1732","0.14869","0.2078","-0.035002","-0.028376","-0.30744","0.055629","0.37862","-0.17166","-0.5394","-0.022086","0.10686","0.057681","0.27299"],["0.15208","0.35052","-0.9407","1.7395","0.93304","-0.53372","-0.12808","3.9977","0.35202","0.92925","1.7627","-0.47584","-0.7181","-0.40656","-0.25965","-0.34777","-0.17","0.030845","0.0017642","-0.15908","0.61356","-0.2545","0.27275","-0.25901","-0.11888","-0.38946","-0.10244","0.32635","0.13775","-0.45081","-0.19417","-0.011437","-0.12365","0.34709","0.179","-0.34635","-0.039912","0.050466","-0.03794"],["-0.073629","0.30205","0.54085","-0.60244","-0.91005","0.4569","-2.1879","0.35202","6.3216","1.3399","0.27881","0.68893","-0.27344","-0.60239","-0.37833","-0.10197","0.33099","-0.18328","-0.0060037","-0.2585","-0.20146","0.45786","-0.18719","0.34588","0.12806","0.31862","-0.063778","0.10908","0.32817","0.052195","-0.11459","-0.13907","-0.099134","-0.042095","0.96333","0.18195","-0.18831","0.06918","0.34658"],["-0.10153","-0.72666","-0.73164","0.10079","-1.3736","-0.65421","0.56771","0.92925","1.3399","4.6414","1.109","-1.611","-0.19682","-0.01172","0.3091","0.16813","-0.1617","-0.5218","0.0095705","0.4843","0.0081606","-0.50601","0.66574","0.88065","0.2733","0.12417","0.093711","-0.028605","0.078107","0.56326","-0.065343","0.13021","-0.16167","-0.61638","0.015504","0.71754","0.070051","-0.069556","0.36991"],["-0.7398","-0.73188","-0.20436","-0.6804","-0.02944","0.067472","1.038","1.7627","0.27881","1.109","4.6758","1.1186","-1.9703","-0.26064","-0.58651","0.35997","-0.6636","-0.022598","0.031912","-0.41406","0.26072","-0.16216","-0.1602","0.51958","0.30679","-0.174","0.10582","0.271","-0.10175","0.047962","-0.0078222","0.17483","-0.052003","0.084413","-0.32533","-0.28824","0.43185","0.039998","0.047045"],["-0.94126","-0.74963","-0.26378","-1.6138","0.39926","0.65702","0.60819","-0.47584","0.68893","-1.611","1.1186","4.6151","1.1559","-0.77874","-1.1899","-0.41301","-0.87071","0.41424","-0.32525","0.12521","-0.23444","0.024954","-0.032275","0.0097851","0.12319","-0.12835","-0.22963","-0.029114","-0.37061","-0.028808","-0.29578","-0.05189","-0.22495","0.19941","0.41184","-0.22167","-0.1064","0.27936","0.08692"],["-0.10146","-1.0016","-0.78652","1.1282","0.53755","-0.12269","0.98943","-0.7181","-0.27344","-0.19682","-1.9703","1.1559","4.7281","-0.31152","0.097928","-0.28419","-0.35761","-0.18136","-0.048573","0.67955","0.29487","-0.56081","-0.081217","0.052912","-0.35785","0.69261","-0.11515","0.33205","0.16679","0.088452","0.0048026","-0.026991","0.055628","-0.12392","0.72159","0.5578","-0.10835","0.033798","0.55051"],["-0.81108","-0.32947","-0.10314","-0.37607","-0.41155","-0.32269","0.076896","-0.40656","-0.60239","-0.01172","-0.26064","-0.77874","-0.31152","9.1506","-0.61293","-0.37979","-0.35747","0.11817","-0.079433","-0.44107","-0.31426","0.11145","-0.18152","-0.39886","-0.01448","-0.098329","-0.05056","0.14864","0.20123","-0.1169","-0.07085","0.21299","0.040856","-0.11204","0.16191","0.073842","-0.17896","-0.11597","0.021982"],["-0.6129","0.33272","0.091828","0.20354","-0.33098","0.54531","0.13253","-0.25965","-0.37833","0.3091","-0.58651","-1.1899","0.097928","-0.61293","6.2878","1.2457","-0.99539","0.18996","-0.46705","-1.2155","-0.26108","-0.47072","0.09751","0.5408","0.16208","-0.18371","-0.22944","0.28258","-0.37812","-0.064699","-0.026603","-0.21347","0.037635","-0.17438","-0.01823","-0.34885","-0.18226","0.4004","0.30646"],["-0.50799","-1.3625","0.83405","-0.21049","-0.13834","-0.10816","0.36424","-0.34777","-0.10197","0.16813","0.35997","-0.41301","-0.28419","-0.37979","1.2457","6.3407","1.7651","-0.94895","-0.48448","0.40009","-0.74506","0.23869","-0.51514","-0.80568","-0.092123","-0.22109","-0.11414","0.1363","0.060832","-0.43282","0.29061","0.5403","0.27088","0.28033","0.29411","0.089613","0.06909","-0.2687","-0.089538"],["-0.33438","0.21257","-0.74971","0.48076","0.47368","0.082695","-0.26046","-0.17","0.33099","-0.1617","-0.6636","-0.87071","-0.35761","-0.35747","-0.99539","1.7651","5.6772","0.41087","-1.1317","0.27182","0.93069","-0.25696","-0.35603","0.67472","-0.19167","0.021691","0.029597","0.12297","0.52934","0.17756","-0.13703","0.55529","0.28457","0.14731","-0.46821","-0.22543","-0.27513","-0.040318","0.068115"],["0.27202","-0.082077","0.58278","-0.31785","0.83129","0.099267","0.095356","0.030845","-0.18328","-0.5218","-0.022598","0.41424","-0.18136","0.11817","0.18996","-0.94895","0.41087","4.993","-0.176","-0.72663","0.67353","0.19572","-0.12286","0.93169","0.47254","-0.47557","0.033861","0.37914","-0.08656","0.057006","-0.071341","-0.27352","0.70837","-0.25472","0.33858","0.0025105","-0.45787","0.016566","-0.20684"],["0.14636","0.11783","1.0009","0.99056","0.37242","0.848","-0.05624","0.0017642","-0.0060037","0.0095705","0.031912","-0.32525","-0.048573","-0.079433","-0.46705","-0.48448","-1.1317","-0.176","5.1162","0.6264","-1.4236","0.85142","-0.12455","-0.30878","0.96814","0.35539","-0.12537","0.35215","-0.45549","0.01548","0.23341","0.35108","0.13484","-0.49877","-0.30595","0.00061942","0.043716","0.16271","0.071282"],["-0.57505","-0.31264","0.72037","0.096726","-0.0881","-0.8367","0.60531","-0.15908","-0.2585","0.4843","-0.41406","0.12521","0.67955","-0.44107","-1.2155","0.40009","0.27182","-0.72663","0.6264","5.1969","0.48031","-0.98639","1.4972","0.45266","0.64502","1.0048","-0.09414","-0.063702","-0.3178","-0.19683","-0.5224","-0.099943","-0.090958","-0.14997","-0.0045051","-0.4104","-0.22692","-0.16697","-0.41187"],["-0.44106","0.36435","-0.28656","0.60017","-0.11847","0.37551","0.2876","0.61356","-0.20146","0.0081606","0.26072","-0.23444","0.29487","-0.31426","-0.26108","-0.74506","0.93069","0.67353","-1.4236","0.48031","4.9528","1.0569","1.0684","0.67398","0.046179","0.68296","0.050091","-0.11259","-0.16712","-0.19599","0.46431","0.60337","-0.10859","0.10901","-0.19141","-0.053135","0.075847","-0.043694","-0.14844"],["0.33026","0.54653","0.78732","0.15689","0.080601","-0.050347","-0.18249","-0.2545","0.45786","-0.50601","-0.16216","0.024954","-0.56081","0.11145","-0.47072","0.23869","-0.25696","0.19572","0.85142","-0.98639","1.0569","5.0553","1.2923","-0.43191","0.53451","-0.51879","-0.048554","-0.44079","-0.102","0.61005","-0.07601","0.20719","0.0077298","0.36788","0.1494","0.43477","0.25297","0.16005","0.5256"],["-0.010881","-0.12888","0.98315","0.026807","-0.11331","-0.58834","-0.16819","0.27275","-0.18719","0.66574","-0.1602","-0.032275","-0.081217","-0.18152","0.09751","-0.51514","-0.35603","-0.12286","-0.12455","1.4972","1.0684","1.2923","4.5","0.68217","-0.94397","-0.55714","-0.037298","0.011828","-0.078348","0.11371","-0.11703","0.18065","0.19426","0.24625","-0.28605","0.19126","0.02127","-0.20336","-0.12204"],["-0.60225","-0.51851","-0.091996","-0.63698","-0.16326","-0.031118","0.63559","-0.25901","0.34588","0.88065","0.51958","0.0097851","0.052912","-0.39886","0.5408","-0.80568","0.67472","0.93169","-0.30878","0.45266","0.67398","-0.43191","0.68217","4.0935","0.81112","-1.8151","0.059857","0.0069289","0.0026339","0.17519","0.34008","-0.15907","-0.062341","-0.20347","-0.08733","0.21236","0.0041913","0.040309","-0.19708"],["-0.21368","-0.040077","-0.43828","-0.37934","-0.6994","0.15903","0.60825","-0.11888","0.12806","0.2733","0.30679","0.12319","-0.35785","-0.01448","0.16208","-0.092123","-0.19167","0.47254","0.96814","0.64502","0.046179","0.53451","-0.94397","0.81112","3.5891","1.0143","-0.074568","-0.53221","-0.17746","-0.20166","-0.27145","-0.35953","0.14673","-0.2055","-0.19184","0.082541","-0.2129","0.058582","-0.10114"],["-0.043819","-0.034686","-0.34807","0.35417","-0.26621","0.0061027","-0.1732","-0.38946","0.31862","0.12417","-0.174","-0.12835","0.69261","-0.098329","-0.18371","-0.22109","0.021691","-0.47557","0.35539","1.0048","0.68296","-0.51879","-0.55714","-1.8151","1.0143","4.4162","-0.054117","-0.082395","-0.055054","-0.071216","0.15326","0.0089776","0.39111","-0.089869","-0.45856","0.030879","0.20489","0.011129","-0.0030028"],["0.024996","-0.047491","0.14891","-0.031861","-0.17085","0.079698","0.14869","-0.10244","-0.063778","0.093711","0.10582","-0.22963","-0.11515","-0.05056","-0.22944","-0.11414","0.029597","0.033861","-0.12537","-0.09414","0.050091","-0.048554","-0.037298","0.059857","-0.074568","-0.054117","9.8327","-0.0053494","0.055541","-0.11008","0.042691","0.076414","0.039614","-0.080757","-0.0035872","0.0040089","-0.0443","0.13516","0.046314"],["0.073959","0.58868","-0.0062526","0.2319","-0.11993","-0.15941","0.2078","0.32635","0.10908","-0.028605","0.271","-0.029114","0.33205","0.14864","0.28258","0.1363","0.12297","0.37914","0.35215","-0.063702","-0.11259","-0.44079","0.011828","0.0069289","-0.53221","-0.082395","-0.0053494","6.3894","1.5843","-1.0357","-0.21484","-0.56047","-0.18519","0.08651","-0.26301","-0.16039","0.57916","0.36384","-0.026167"],["0.10083","-0.26762","0.40382","0.44424","0.27812","0.43689","-0.035002","0.13775","0.32817","0.078107","-0.10175","-0.37061","0.16679","0.20123","-0.37812","0.060832","0.52934","-0.08656","-0.45549","-0.3178","-0.16712","-0.102","-0.078348","0.0026339","-0.17746","-0.055054","0.055541","1.5843","6.3866","1.9537","-0.93368","-0.32201","0.28213","-0.30185","0.28201","-0.46132","-0.64768","0.080774","-0.22754"],["-0.16047","-0.55512","0.22361","0.022831","-0.19092","0.023953","-0.028376","-0.45081","0.052195","0.56326","0.047962","-0.028808","0.088452","-0.1169","-0.064699","-0.43282","0.17756","0.057006","0.01548","-0.19683","-0.19599","0.61005","0.11371","0.17519","-0.20166","-0.071216","-0.11008","-1.0357","1.9537","5.8668","0.75799","-1.0448","-0.34661","0.29478","-0.52713","0.082162","0.93814","0.067024","-0.010985"],["-0.032521","-0.27696","0.053868","0.18363","0.47793","0.21391","-0.30744","-0.19417","-0.11459","-0.065343","-0.0078222","-0.29578","0.0048026","-0.07085","-0.026603","0.29061","-0.13703","-0.071341","0.23341","-0.5224","0.46431","-0.07601","-0.11703","0.34008","-0.27145","0.15326","0.042691","-0.21484","-0.93368","0.75799","4.968","-0.12874","-1.649","0.53095","0.31502","0.050498","0.8486","0.2122","-0.738"],["0.12827","-0.093562","0.012852","0.078747","-0.089303","0.68402","0.055629","-0.011437","-0.13907","0.13021","0.17483","-0.05189","-0.026991","0.21299","-0.21347","0.5403","0.55529","-0.27352","0.35108","-0.099943","0.60337","0.20719","0.18065","-0.15907","-0.35953","0.0089776","0.076414","-0.56047","-0.32201","-1.0448","-0.12874","5.0542","0.96214","-1.6014","0.90614","0.71416","-0.34691","0.56843","0.29462"],["0.019369","0.083864","0.038111","-0.132","-0.24403","0.27661","0.37862","-0.12365","-0.099134","-0.16167","-0.052003","-0.22495","0.055628","0.040856","0.037635","0.27088","0.28457","0.70837","0.13484","-0.090958","-0.10859","0.0077298","0.19426","-0.062341","0.14673","0.39111","0.039614","-0.18519","0.28213","-0.34661","-1.649","0.96214","6.0413","1.4985","-1.1822","1.6466","0.89815","0.075308","0.84892"],["-0.017586","0.050994","-0.24785","-0.38115","-0.091733","-0.24883","-0.17166","0.34709","-0.042095","-0.61638","0.084413","0.19941","-0.12392","-0.11204","-0.17438","0.28033","0.14731","-0.25472","-0.49877","-0.14997","0.10901","0.36788","0.24625","-0.20347","-0.2055","-0.089869","-0.080757","0.08651","-0.30185","0.29478","0.53095","-1.6014","1.4985","5.4987","0.90518","0.029108","0.99875","0.23379","0.76972"],["0.068304","0.10927","-0.005274","0.1298","-0.1387","-0.51644","-0.5394","0.179","0.96333","0.015504","-0.32533","0.41184","0.72159","0.16191","-0.01823","0.29411","-0.46821","0.33858","-0.30595","-0.0045051","-0.19141","0.1494","-0.28605","-0.08733","-0.19184","-0.45856","-0.0035872","-0.26301","0.28201","-0.52713","0.31502","0.90614","-1.1822","0.90518","5.5501","1.2862","-0.55174","0.75441","-0.084528"],["-0.083769","-0.18343","-0.1758","0.12202","-0.19739","0.12875","-0.022086","-0.34635","0.18195","0.71754","-0.28824","-0.22167","0.5578","0.073842","-0.34885","0.089613","-0.22543","0.0025105","0.00061942","-0.4104","-0.053135","0.43477","0.19126","0.21236","0.082541","0.030879","0.0040089","-0.16039","-0.46132","0.082162","0.050498","0.71416","1.6466","0.029108","1.2862","5.0922","1.0533","-1.1575","-0.23463"],["-0.10765","-0.042225","-0.15483","-0.030234","-0.082619","0.010231","0.10686","-0.039912","-0.18831","0.070051","0.43185","-0.1064","-0.10835","-0.17896","-0.18226","0.06909","-0.27513","-0.45787","0.043716","-0.22692","0.075847","0.25297","0.02127","0.0041913","-0.2129","0.20489","-0.0443","0.57916","-0.64768","0.93814","0.8486","-0.34691","0.89815","0.99875","-0.55174","1.0533","4.3475","0.60398","-1.8691"],["-0.16492","0.13976","-0.29696","-0.0026247","-0.019761","-0.060086","0.057681","0.050466","0.06918","-0.069556","0.039998","0.27936","0.033798","-0.11597","0.4004","-0.2687","-0.040318","0.016566","0.16271","-0.16697","-0.043694","0.16005","-0.20336","0.040309","0.058582","0.011129","0.13516","0.36384","0.080774","0.067024","0.2122","0.56843","0.075308","0.23379","0.75441","-1.1575","0.60398","3.6052","1.0341"],["-0.14107","-0.27316","-0.28845","0.093633","-0.058656","0.012722","0.27299","-0.03794","0.34658","0.36991","0.047045","0.08692","0.55051","0.021982","0.30646","-0.089538","0.068115","-0.20684","0.071282","-0.41187","-0.14844","0.5256","-0.12204","-0.19708","-0.10114","-0.0030028","0.046314","-0.026167","-0.22754","-0.010985","-0.738","0.29462","0.84892","0.76972","-0.084528","-0.23463","-1.8691","1.0341","4.0998"]],[["5.3254","-0.58637","-2.1185","-1.7286","-0.80214","-0.45082","0.24868","-0.18712","0.49806","0.0688","-0.88284","0.47697","0.35232","0.91817","0.58162","-0.2364","-0.2027","-0.19868","-0.60319","0.84783","0.15493","-0.31817","0.61451","0.55636","-0.035152","0.17764","0.17926","-0.10261","1.1354","-0.43926","-0.051248","-0.53532","-0.039396","0.12162","0.16673","-0.092592","-0.4732","-0.56108","0.40466"],["-0.58637","4.7454","-0.63098","-0.22574","-1.2862","-0.19356","-0.91178","0.044529","-0.010529","-0.17854","1.0373","-0.055686","-0.11713","-0.33475","0.67323","-1.2268","-0.26288","-0.68753","0.66708","-0.018636","-0.22955","0.8082","-0.099265","-0.029384","-0.087513","0.46406","-0.31057","0.029815","-0.40455","-0.56555","0.69697","0.026289","-0.30319","-0.19272","-0.17368","-0.069942","0.095796","0.09617","0.011827"],["-2.1185","-0.63098","5.9879","0.056989","-1.808","0.37115","0.22542","-0.02324","0.32813","-0.40656","0.49834","-0.081878","0.2822","-0.49457","-0.21512","0.10846","-0.4156","0.31983","-1.0551","0.22807","-0.06507","0.64405","0.36221","-0.41695","-0.10746","0.15466","-0.1605","-0.85196","0.57019","-0.083396","-0.52123","0.441","-0.27852","0.2798","-0.25617","0.49694","-0.46065","-0.27487","-0.052621"],["-1.7286","-0.22574","0.056989","4.5722","-0.96012","-0.5502","-0.046342","0.21475","0.73123","1.1185","-1.3083","-0.24398","-0.43696","0.022994","0.58803","0.48334","1.648","-0.61371","0.063179","0.31909","-0.0048187","-0.36019","0.08103","0.10457","-0.12167","0.12678","-0.22321","0.91918","0.19015","0.36798","0.33957","-0.20145","0.1388","-0.24302","-0.18753","0.24625","0.30221","-0.20277","-0.16274"],["-0.80214","-1.2862","-1.808","-0.96012","6.4492","-1.1527","-1.0224","-0.10114","-0.72792","0.0071206","-0.40796","-0.78797","0.081424","-0.53102","0.28574","0.46183","0.15977","1.0008","0.2824","-0.51296","0.2","0.40278","0.52568","-0.060058","-0.11298","0.10083","-0.072742","0.33455","-0.27085","0.28041","0.58501","0.79286","0.011429","0.024805","0.19125","-0.33611","-0.094949","-0.03401","0.20341"],["-0.45082","-0.19356","0.37115","-0.5502","-1.1527","7.1741","-0.50409","-0.63804","-1.2779","-0.66114","0.12325","-0.42054","0.44815","-0.37556","0.40459","0.17799","-0.013896","0.33121","1.2959","-0.13736","-0.91611","-0.49881","0.36236","0.66901","0.6652","0.10573","0.32745","-0.19032","0.47938","0.18197","0.34485","0.16235","0.18142","0.15767","-0.56058","-0.3795","-0.38428","-0.57046","-0.053452"],["0.24868","-0.91178","0.22542","-0.046342","-1.0224","-0.50409","7.1392","-1.2076","-1.333","0.36243","-0.10952","-0.23851","0.074191","0.11427","-0.68933","0.31633","-0.15447","0.37652","-0.24916","1.3944","-0.60314","-0.15219","-0.17998","-0.053584","-0.095135","0.55492","0.31687","0.88141","-0.42078","-0.23053","0.21795","-0.24052","-0.15262","0.32165","0.16908","-0.0047823","-0.18382","0.17155","-0.15993"],["-0.18712","0.044529","-0.02324","0.21475","-0.10114","-0.63804","-1.2076","4.5791","-1.6683","-0.76419","-0.035903","0.16822","0.38901","-0.49173","-0.076047","0.10555","-0.2908","-0.41978","-0.20637","0.69659","1.6456","-0.76858","0.30865","-0.14592","-0.28977","-0.33659","-0.29349","-0.15381","-0.29813","-0.30531","0.080074","0.11103","1.4214","0.51905","0.096236","-0.14822","0.47963","0.77002","0.61253"],["0.49806","-0.010529","0.32813","0.73123","-0.72792","-1.2779","-1.333","-1.6683","4.3434","-1.2934","0.065212","0.70487","-1.217","0.72294","0.12167","0.35003","0.81028","-0.18528","-0.19411","0.30101","-0.32832","0.23927","0.10497","0.35483","-0.21028","-0.036654","0.018961","0.10369","0.28987","-0.087603","-0.75777","-0.67013","-0.012042","-0.058352","0.28567","0.24691","0.1154","-0.55491","-0.72162"],["0.0688","-0.17854","-0.40656","1.1185","0.0071206","-0.66114","0.36243","-0.76419","-1.2934","6.4185","-0.35234","-1.4148","0.17091","-0.4049","-0.42168","-0.22863","0.52625","-0.31204","-0.092568","-0.89407","-0.14295","0.32894","0.55724","-0.82333","-0.1497","-0.26015","-0.37588","-0.75676","1.1152","-0.67158","-0.40871","0.060029","-0.36459","0.24606","0.25909","0.12737","0.14424","0.15654","0.136"],["-0.88284","1.0373","0.49834","-1.3083","-0.40796","0.12325","-0.10952","-0.035903","0.065212","-0.35234","4.436","-0.76106","0.26211","-0.54074","0.52434","0.71814","-0.67853","-0.054621","-0.32266","-0.49921","0.17988","0.41516","-0.53519","1.0141","-0.29361","-0.40635","-0.15084","-0.2334","0.34052","-0.56462","-0.0082157","-0.1191","0.27849","0.55763","-0.039505","-0.47746","0.77407","0.32392","-0.093813"],["0.47697","-0.055686","-0.081878","-0.24398","-0.78797","-0.42054","-0.23851","0.16822","0.70487","-1.4148","-0.76106","4.8946","-2.0392","-0.34648","-0.43191","-0.58946","-0.12829","0.040628","-0.41151","0.089864","0.06792","0.023349","-0.22705","-0.21348","1.2451","-0.31889","-0.099161","-0.47641","-0.1495","0.11715","0.029054","-0.18866","0.22669","-0.086445","-0.024241","0.036637","0.13082","0.49266","0.5022"],["0.35232","-0.11713","0.2822","-0.43696","0.081424","0.44815","0.074191","0.38901","-1.217","0.17091","0.26211","-2.0392","3.9725","0.58242","-0.043247","-0.14793","-0.30431","-0.34754","-0.97707","0.22903","-0.16346","-0.24662","-0.29368","0.86298","-0.52707","0.15161","0.072206","-0.70212","0.527","0.56447","-0.3518","-0.3084","0.25891","-0.67999","0.078797","0.13831","-0.43225","0.21269","0.43671"],["0.91817","-0.33475","-0.49457","0.022994","-0.53102","-0.37556","0.11427","-0.49173","0.72294","-0.4049","-0.54074","-0.34648","0.58242","2.5788","-0.057969","-1.6438","-1.1118","-0.55353","-0.56733","-0.079792","-0.0050667","0.065002","-0.36979","0.010003","-0.019559","-0.29076","0.40137","0.49511","-0.071615","0.70139","-0.28019","0.24753","-0.29417","-0.081283","0.080982","-0.11643","-0.48159","-0.13411","-0.27846"],["0.58162","0.67323","-0.21512","0.58803","0.28574","0.40459","-0.68933","-0.076047","0.12167","-0.42168","0.52434","-0.43191","-0.043247","-0.057969","3.6509","0.18497","-0.35336","0.64332","-0.13972","-0.15651","0.33633","0.062167","-0.51155","0.8395","0.12049","0.55944","-0.31954","0.57299","1.3561","0.034015","0.94017","-0.2178","-0.357","0.34374","-0.722","-0.49009","0.675","-0.78998","-0.28937"],["-0.2364","-1.2268","0.10846","0.48334","0.46183","0.17799","0.31633","0.10555","0.35003","-0.22863","0.71814","-0.58946","-0.14793","-1.6438","0.18497","5.1169","1.1075","-1.0423","0.233","0.60581","0.2093","-0.030407","-1.3281","0.73539","0.28881","-0.05152","-0.21622","-0.16054","-0.079347","-1.3359","0.2768","-0.33087","0.9983","0.33143","0.2985","0.20871","0.15492","-0.51882","0.11399"],["-0.2027","-0.26288","-0.4156","1.648","0.15977","-0.013896","-0.15447","-0.2908","0.81028","0.52625","-0.67853","-0.12829","-0.30431","-1.1118","-0.35336","1.1075","3.9807","-0.11643","0.35494","0.8666","-0.13125","-0.33683","0.35783","-0.017008","0.3528","0.82211","-0.62416","-0.32153","1.1208","0.42392","-0.27897","-0.6755","0.17785","-0.51854","-0.025778","0.27307","0.37692","0.20523","0.64052"],["-0.19868","-0.68753","0.31983","-0.61371","1.0008","0.33121","0.37652","-0.41978","-0.18528","-0.31204","-0.054621","0.040628","-0.34754","-0.55353","0.64332","-1.0423","-0.11643","4.0948","-0.15103","-0.62364","-0.60199","-0.7886","0.14086","-0.76912","0.11783","1.0872","0.22483","-0.036121","-0.036013","0.5045","-0.44783","-0.90845","-0.71511","0.61356","-0.75448","0.17537","0.74714","-0.40161","-0.70847"],["-0.60319","0.66708","-1.0551","0.063179","0.2824","1.2959","-0.24916","-0.20637","-0.19411","-0.092568","-0.32266","-0.41151","-0.97707","-0.56733","-0.13972","0.233","0.35494","-0.15103","4.0497","-0.046982","-0.96031","-0.70055","0.27726","-0.85271","-0.019839","0.21225","-0.34937","0.52316","-0.39331","0.14548","0.75935","0.032559","0.068545","-0.40738","-0.7598","0.11898","1.2842","0.279","-0.5233"],["0.84783","-0.018636","0.22807","0.31909","-0.51296","-0.13736","1.3944","0.69659","0.30101","-0.89407","-0.49921","0.089864","0.22903","-0.079792","-0.15651","0.60581","0.8666","-0.62364","-0.046982","3.8619","-0.41468","-0.30478","0.79805","0.55466","-0.72554","0.77683","-0.47683","0.087964","-0.31682","-0.36933","1.3921","-0.42066","0.27857","-0.56671","0.299","0.043911","-0.49332","0.46244","1.2733"],["0.15493","-0.22955","-0.06507","-0.0048187","0.2","-0.91611","-0.60314","1.6456","-0.32832","-0.14295","0.17988","0.06792","-0.16346","-0.0050667","0.33633","0.2093","-0.13125","-0.60199","-0.96031","-0.41468","2.4266","-0.27608","-0.13437","-0.23134","-0.46154","0.48617","-0.025025","-0.12353","0.15729","-0.39099","-0.49248","0.61183","0.51773","0.35524","-0.056271","-0.021051","0.31899","-0.065042","-0.12189"],["-0.31817","0.8082","0.64405","-0.36019","0.40278","-0.49881","-0.15219","-0.76858","0.23927","0.32894","0.41516","0.023349","-0.24662","0.065002","0.062167","-0.030407","-0.33683","-0.7886","-0.70055","-0.30478","-0.27608","2.8228","-0.53545","-0.75636","1.0291","-0.37438","0.077765","0.050363","0.30771","0.0788","0.71313","1.0641","-0.61791","0.070636","0.19577","-0.69342","-1.2691","-0.029548","0.92522"],["0.61451","-0.099265","0.36221","0.08103","0.52568","0.36236","-0.17998","0.30865","0.10497","0.55724","-0.53519","-0.22705","-0.29368","-0.36979","-0.51155","-1.3281","0.35783","0.14086","0.27726","0.79805","-0.13437","-0.53545","4.519","0.45577","-2.2303","-0.36456","0.024062","0.555","0.212","-0.29607","0.5046","0.062599","-0.0016086","-0.098779","0.18203","0.06101","-0.62483","-0.35994","-0.34423"],["0.55636","-0.029384","-0.41695","0.10457","-0.060058","0.66901","-0.053584","-0.14592","0.35483","-0.82333","1.0141","-0.21348","0.86298","0.010003","0.8395","0.73539","-0.017008","-0.76912","-0.85271","0.55466","-0.23134","-0.75636","0.45577","3.2184","-0.93301","-0.82116","-0.081856","-0.37109","0.25923","-0.44461","0.061977","-0.83247","0.70808","-0.27358","0.53106","0.24042","-0.10613","-0.19609","-0.43897"],["-0.035152","-0.087513","-0.10746","-0.12167","-0.11298","0.6652","-0.095135","-0.28977","-0.21028","-0.1497","-0.29361","1.2451","-0.52707","-0.019559","0.12049","0.28881","0.3528","0.11783","-0.019839","-0.72554","-0.46154","1.0291","-2.2303","-0.93301","3.2436","0.10814","0.1142","0.16577","0.45609","0.63443","-0.15223","0.18296","-0.20137","0.42586","-0.1019","-0.3107","-0.10242","0.21019","1.0167"],["0.17764","0.46406","0.15466","0.12678","0.10083","0.10573","0.55492","-0.33659","-0.036654","-0.26015","-0.40635","-0.31889","0.15161","-0.29076","0.55944","-0.05152","0.82211","1.0872","0.21225","0.77683","0.48617","-0.37438","-0.36456","-0.82116","0.10814","3.7834","0.39609","-0.49665","-0.42649","-0.17273","-0.0062135","-0.0649","-0.98111","-0.35104","-0.86161","0.82044","0.49445","-0.39755","-0.0099541"],["0.17926","-0.31057","-0.1605","-0.22321","-0.072742","0.32745","0.31687","-0.29349","0.018961","-0.37588","-0.15084","-0.099161","0.072206","0.40137","-0.31954","-0.21622","-0.62416","0.22483","-0.34937","-0.47683","-0.025025","0.077765","0.024062","-0.081856","0.1142","0.39609","2.0446","0.61656","-1.2447","-0.37483","-0.71884","-0.057737","-0.14418","0.4143","-0.012453","-0.13321","-0.2685","-0.5681","-0.15769"],["-0.10261","0.029815","-0.85196","0.91918","0.33455","-0.19032","0.88141","-0.15381","0.10369","-0.75676","-0.2334","-0.47641","-0.70212","0.49511","0.57299","-0.16054","-0.32153","-0.036121","0.52316","0.087964","-0.12353","0.050363","0.555","-0.37109","0.16577","-0.49665","0.61656","3.7052","-0.27162","0.18219","0.90315","0.18985","-0.61489","0.75016","-0.049787","-1.242","0.14953","-0.024173","0.25471"],["1.1354","-0.40455","0.57019","0.19015","-0.27085","0.47938","-0.42078","-0.29813","0.28987","1.1152","0.34052","-0.1495","0.527","-0.071615","1.3561","-0.079347","1.1208","-0.036013","-0.39331","-0.31682","0.15729","0.30771","0.212","0.25923","0.45609","-0.42649","-1.2447","-0.27162","4.8575","0.92653","-1.0172","0.16137","0.12037","0.20905","-0.073365","-1.2556","0.15831","0.49747","0.48819"],["-0.43926","-0.56555","-0.083396","0.36798","0.28041","0.18197","-0.23053","-0.30531","-0.087603","-0.67158","-0.56462","0.11715","0.56447","0.70139","0.034015","-1.3359","0.42392","0.5045","0.14548","-0.36933","-0.39099","0.0788","-0.29607","-0.44461","0.63443","-0.17273","-0.37483","0.18219","0.92653","3.225","-0.070463","0.44801","-0.36328","-0.54818","-0.15464","0.15923","-0.31195","0.54912","1.0755"],["-0.051248","0.69697","-0.52123","0.33957","0.58501","0.34485","0.21795","0.080074","-0.75777","-0.40871","-0.0082157","0.029054","-0.3518","-0.28019","0.94017","0.2768","-0.27897","-0.44783","0.75935","1.3921","-0.49248","0.71313","0.5046","0.061977","-0.15223","-0.0062135","-0.71884","0.90315","-1.0172","-0.070463","3.5849","0.24329","-0.74303","-0.59966","-0.3294","-0.26808","-0.57813","0.083003","1.0051"],["-0.53532","0.026289","0.441","-0.20145","0.79286","0.16235","-0.24052","0.11103","-0.67013","0.060029","-0.1191","-0.18866","-0.3084","0.24753","-0.2178","-0.33087","-0.6755","-0.90845","0.032559","-0.42066","0.61183","1.0641","0.062599","-0.83247","0.18296","-0.0649","-0.057737","0.18985","0.16137","0.44801","0.24329","2.908","-0.20575","-0.43292","-0.14007","0.11375","-0.88474","-0.14768","0.38152"],["-0.039396","-0.30319","-0.27852","0.1388","0.011429","0.18142","-0.15262","1.4214","-0.012042","-0.36459","0.27849","0.22669","0.25891","-0.29417","-0.357","0.9983","0.17785","-0.71511","0.068545","0.27857","0.51773","-0.61791","-0.0016086","0.70808","-0.20137","-0.98111","-0.14418","-0.61489","0.12037","-0.36328","-0.74303","-0.20575","2.7135","0.20337","-0.071146","0.45103","0.56269","0.020739","0.16796"],["0.12162","-0.19272","0.2798","-0.24302","0.024805","0.15767","0.32165","0.51905","-0.058352","0.24606","0.55763","-0.086445","-0.67999","-0.081283","0.34374","0.33143","-0.51854","0.61356","-0.40738","-0.56671","0.35524","0.070636","-0.098779","-0.27358","0.42586","-0.35104","0.4143","0.75016","0.20905","-0.54818","-0.59966","-0.43292","0.20337","2.6886","0.052325","-0.27996","0.14553","-1.1529","0.011383"],["0.16673","-0.17368","-0.25617","-0.18753","0.19125","-0.56058","0.16908","0.096236","0.28567","0.25909","-0.039505","-0.024241","0.078797","0.080982","-0.722","0.2985","-0.025778","-0.75448","-0.7598","0.299","-0.056271","0.19577","0.18203","0.53106","-0.1019","-0.86161","-0.012453","-0.049787","-0.073365","-0.15464","-0.3294","-0.14007","-0.071146","0.052325","1.8901","-0.67199","-0.74414","0.83735","0.15189"],["-0.092592","-0.069942","0.49694","0.24625","-0.33611","-0.3795","-0.0047823","-0.14822","0.24691","0.12737","-0.47746","0.036637","0.13831","-0.11643","-0.49009","0.20871","0.27307","0.17537","0.11898","0.043911","-0.021051","-0.69342","0.06101","0.24042","-0.3107","0.82044","-0.13321","-1.242","-1.2556","0.15923","-0.26808","0.11375","0.45103","-0.27996","-0.67199","3.1114","-0.048657","-1.6299","-0.33786"],["-0.4732","0.095796","-0.46065","0.30221","-0.094949","-0.38428","-0.18382","0.47963","0.1154","0.14424","0.77407","0.13082","-0.43225","-0.48159","0.675","0.15492","0.37692","0.74714","1.2842","-0.49332","0.31899","-1.2691","-0.62483","-0.10613","-0.10242","0.49445","-0.2685","0.14953","0.15831","-0.31195","-0.57813","-0.88474","0.56269","0.14553","-0.74414","-0.048657","2.5852","0.47383","-0.83704"],["-0.56108","0.09617","-0.27487","-0.20277","-0.03401","-0.57046","0.17155","0.77002","-0.55491","0.15654","0.32392","0.49266","0.21269","-0.13411","-0.78998","-0.51882","0.20523","-0.40161","0.279","0.46244","-0.065042","-0.029548","-0.35994","-0.19609","0.21019","-0.39755","-0.5681","-0.024173","0.49747","0.54912","0.083003","-0.14768","0.020739","-1.1529","0.83735","-1.6299","0.47383","3.3221","0.5741"],["0.40466","0.011827","-0.052621","-0.16274","0.20341","-0.053452","-0.15993","0.61253","-0.72162","0.136","-0.093813","0.5022","0.43671","-0.27846","-0.28937","0.11399","0.64052","-0.70847","-0.5233","1.2733","-0.12189","0.92522","-0.34423","-0.43897","1.0167","-0.0099541","-0.15769","0.25471","0.48819","1.0755","1.0051","0.38152","0.16796","0.011383","0.15189","-0.33786","-0.83704","0.5741","3.0298"]],[["6.5178","-2.4674","-0.84457","-2.3112","-0.95143","-0.85835","0.3884","0.66511","-0.5792","-0.42058","-0.38114","0.80142","0.65114","0.25094","-0.25081","-0.14957","0.48134","0.20294","-0.18272","0.23983","0.00068342","0.37416","-0.75052","0.2974","-0.3075","0.56228","0.29009","0.36665","-0.22675","0.57563","-0.00059359","-0.21455","-0.068449","-0.47785","0.43505","0.39348","-0.29405","-0.37013","0.0031353"],["-2.4674","6.2038","0.087768","-2.5023","-0.80107","-0.19498","0.065185","0.19345","-0.072723","-1.037","-0.44053","-0.87442","0.64729","-0.21202","0.63784","-0.7252","-0.24413","-0.33754","-0.25621","0.39014","0.01342","-0.12886","0.25788","-0.039173","-0.048473","-0.94075","0.047887","0.21166","0.14474","-0.58058","0.040215","0.36917","-0.13106","0.053066","-0.58082","0.010019","-0.031187","0.031733","0.020425"],["-0.84457","0.087768","5.8572","0.56402","-0.76027","0.68163","-0.99181","0.5455","0.46814","0.055917","0.14746","1.5827","-0.39033","0.5149","0.6105","0.79308","-0.011879","-0.77725","0.61918","0.43165","1.1132","0.19711","0.34443","-0.087672","0.19332","1.1092","0.34109","0.018039","0.10512","0.54484","0.053766","-0.053493","-0.15143","0.16423","0.37428","0.16804","-0.99345","-0.62036","0.25096"],["-2.3112","-2.5023","0.56402","6.5387","-0.28784","-0.062908","1.1162","-0.024752","0.52533","-0.41219","0.27302","-0.91572","-0.44733","0.22924","-0.26425","-0.76285","0.5485","0.11015","-0.060864","0.054715","0.26443","0.57062","-0.68905","-0.74415","-0.011059","0.24291","0.21065","0.25218","0.0017922","-0.24872","0.3775","0.03926","-0.42333","-0.29459","0.44792","-0.27656","-0.32302","-0.46136","-0.0084483"],["-0.95143","-0.80107","-0.76027","-0.28784","6.0092","0.37177","-0.49359","-0.7431","-1.2782","-0.99326","-0.6488","0.63356","-0.086289","-0.045471","-1.2123","-0.73783","0.44888","0.8148","-0.14241","-0.8031","1.0374","-1.0158","0.045048","0.80144","0.62629","-0.63923","0.22038","-0.39065","-0.33279","0.42986","0.36825","-0.50362","-0.074879","0.033783","0.5715","-0.58829","-0.32409","0.93065","-0.49494"],["-0.85835","-0.19498","0.68163","-0.062908","0.37177","5.5295","1.0131","-0.50286","-1.8225","0.40957","-0.12346","-0.16","-0.37465","-0.62484","1.3951","0.49819","-0.46848","0.19148","0.96866","-0.29199","-0.54198","0.059729","-0.17431","-0.16031","0.19482","0.29499","0.93053","0.80345","0.37248","0.70231","-0.34602","0.78174","1.0443","0.29886","0.75205","-0.38726","0.33193","0.66027","0.79466"],["0.3884","0.065185","-0.99181","1.1162","-0.49359","1.0131","7.3376","0.49061","0.47063","0.2584","-0.49393","0.86546","1.6337","-0.31024","0.44372","-0.93078","0.64446","0.38979","0.14773","0.36714","-0.19814","-0.79753","0.47482","0.44772","0.77359","0.23751","0.15078","-0.36728","0.44902","-0.12","-0.14069","0.33044","0.31295","0.39093","0.35939","0.031561","1.2727","0.2823","-0.22677"],["0.66511","0.19345","0.5455","-0.024752","-0.7431","-0.50286","0.49061","7.3873","-0.8717","0.71053","-0.81557","-0.61468","-0.66827","0.40147","-0.61701","-0.23333","0.19829","-0.63825","0.17713","-0.15468","1.2107","0.39438","-0.30061","-0.12523","-0.33058","0.055901","-0.56553","0.45267","0.28065","-0.2656","-0.43635","0.27608","0.27328","0.067205","0.035979","0.17552","0.31056","0.5707","-0.20073"],["-0.5792","-0.072723","0.46814","0.52533","-1.2782","-1.8225","0.47063","-0.8717","6.5185","-0.59598","-0.65144","0.8183","-0.10543","-0.29167","0.21588","-0.066795","0.046057","-0.44798","0.068866","0.453","-0.093611","0.43425","0.59602","1.0942","-0.19203","-0.65117","0.34253","0.16203","0.64952","-0.1423","-0.81072","-0.14349","-0.20227","-0.48033","-0.10123","0.51824","0.2925","0.44998","-0.6618"],["-0.42058","-1.037","0.055917","-0.41219","-0.99326","0.40957","0.2584","0.71053","-0.59598","6.8936","-0.49021","-0.93851","-0.46703","0.23273","0.71017","0.44704","-0.65731","0.52236","0.17733","0.63751","0.16969","-0.34303","1.0889","0.6193","1.0418","0.4952","-0.023039","-0.91305","0.17856","-0.59291","0.013853","-0.22557","-0.071256","0.39985","-0.50983","0.16139","-0.055846","-0.50583","0.22479"],["-0.38114","-0.44053","0.14746","0.27302","-0.6488","-0.12346","-0.49393","-0.81557","-0.65144","-0.49021","6.9101","-0.012499","0.15926","0.24785","-0.088139","0.16814","0.25733","0.24075","1.0446","0.14438","0.41453","-0.60595","-1.3454","0.57323","-1.0444","0.84086","-0.50132","-0.39237","-0.043752","-0.79281","-0.57924","0.91549","0.56671","0.38747","-1.4818","0.35424","0.70549","0.14297","0.076062"],["0.80142","-0.87442","1.5827","-0.91572","0.63356","-0.16","0.86546","-0.61468","0.8183","-0.93851","-0.012499","7.2323","-0.98639","0.5011","0.62426","0.07746","-0.6139","-0.083692","-0.067617","0.17037","0.138","0.11382","-0.256","-0.93503","0.76846","-0.26335","0.20136","0.21537","-0.23118","-0.72956","-0.11697","0.19358","0.54995","0.98725","-0.45844","-0.17107","0.37842","0.18783","0.56492"],["0.65114","0.64729","-0.39033","-0.44733","-0.086289","-0.37465","1.6337","-0.66827","-0.10543","-0.46703","0.15926","-0.98639","6.3823","0.39624","0.41633","0.35865","-0.98679","-0.6099","0.025322","-0.7307","0.6054","-0.1383","-0.30715","-0.19325","-0.80856","0.52096","0.17175","0.25873","-0.30461","-0.4101","0.58141","-0.041088","-0.39193","0.29208","-0.081774","0.036538","-0.60526","0.13912","0.71251"],["0.25094","-0.21202","0.5149","0.22924","-0.045471","-0.62484","-0.31024","0.40147","-0.29167","0.23273","0.24785","0.5011","0.39624","5.3929","-0.2646","-1.5833","-2.3872","-0.79356","0.41451","0.30679","0.54631","0.53569","0.84206","0.22136","-0.59931","-0.068606","-0.23167","-1.6172","0.099771","-0.15014","0.29268","0.45414","0.84377","-0.69461","0.21756","-1.183","-0.75315","0.80188","-0.22286"],["-0.2