[{"mu":[["0.32425","0.18712","0.19093","0.084138","-0.11713","0.29806","0.3717","0.05601","0.023604","-0.019009","0.085491","-0.074555","-0.082133","0.42524","0.51108","0.18019","0.31515","0.067326","0.046756","-0.22721","0.13999","0.059775","0.074868","0.026034","0.3416","0.27508","-0.53235","-0.41297","-0.39012","-0.3516","-0.19713","-0.4377","-0.2757","-0.44011","-0.1133","-0.1687","-0.42027","-0.31559","-0.42258"],["-0.79406","-0.3744","-0.010523","-0.049333","0.020358","-0.13049","-0.35153","-0.53002","-0.23702","0.50083","0.60019","0.091753","0.16081","-0.85777","-1.0788","-0.72814","-0.92948","-0.168","-0.65547","0.049976","0.068378","0.22567","-0.57933","-0.78935","-0.40571","-0.39444","0.96868","0.70113","0.67667","0.71256","0.32729","0.77039","0.27048","0.35071","-0.073033","0.42687","0.57567","0.67918","0.50799"],["-0.42327","-0.14087","0.045815","0.38675","0.62234","0.066091","-0.19753","0.4747","-0.15013","-0.50744","-0.6711","-0.29887","-0.20537","-0.55804","-0.58425","-0.5877","-0.8231","-0.78147","-0.38705","0.03589","-0.78988","-0.16245","0.32045","0.36351","-0.07187","-0.055999","0.10906","-0.41231","-0.19933","-0.37783","0.39187","0.49368","0.63986","-0.073771","-0.54354","0.090782","0.064152","-0.51081","-0.57475"],["0.84612","0.15581","-0.68743","-0.18236","0.36206","-0.19637","-0.23108","0.072505","-0.031655","-0.49118","-0.43959","0.032236","0.011315","-0.17995","0.30619","0.90196","0.65718","-0.10226","0.31878","0.28845","0.02118","0.32902","0.63912","0.52141","-0.13761","-0.1724","-0.40486","-0.076062","-0.12025","-0.32557","-0.58331","-0.60286","-0.52031","0.39615","0.57665","-0.49503","0.49811","0.39608","0.75473"],["-0.17171","-0.085498","-0.17465","-0.40381","-0.41852","-0.65681","-0.37326","0.011828","0.35124","0.19049","-0.12354","0.34217","0.21811","0.33062","0.069933","0.27667","0.45962","0.71435","0.76024","0.40343","0.16116","-0.4963","-0.19355","0.22702","-0.38329","-0.19488","0.57695","0.78088","0.59046","0.70794","0.21334","0.32666","0.26346","0.70302","0.5281","0.21438","0.20744","0.324","0.67557"]]},{"InversedSigmas":[[["1.9516","-0.20473","-0.066798","-0.18485","-0.32731","-0.080944","-0.038252","-0.12546","0.20447","-0.049788","0.35907","-0.0040076","0.19291","0.62157","-0.36215","-0.15549","-0.49372","0.10291","-0.16163","0.32813","-0.10501","-0.017697","-0.10781","-0.06777","0.29293","-0.18632","0.75606","0.00062285","0.2856","-0.50795","-0.013736","0.21714","-0.072748","0.15231","0.097624","0.17845","-0.47304","-0.062588","0.016776"],["-0.20473","1.9853","-0.10227","-0.16238","0.20964","-0.47737","0.15182","-0.3877","-0.21234","0.38522","-0.06789","-0.16502","-0.30688","-0.30244","0.4895","-0.13982","0.057967","0.37192","-0.13462","0.33552","-0.43612","0.12946","0.023212","-0.091517","-0.63614","0.0087542","0.37953","-0.13363","-0.32874","-0.47247","0.24969","-0.35085","0.22548","-0.31556","0.11758","-0.068266","-0.069541","-0.34351","0.084492"],["-0.066798","-0.10227","2.2256","-0.40701","0.14264","-0.082111","0.58472","-0.47442","-0.043233","0.027465","-0.018112","-0.0018629","0.10897","0.46419","-0.27039","1.0629","-0.34792","-0.050272","-0.1139","0.14243","-0.16584","-0.11309","-0.27107","-0.20708","-0.21819","-0.19735","-0.16779","-0.26723","0.30361","-0.12937","-0.21237","0.15962","-0.097218","0.28983","-0.25923","-0.12135","0.17039","0.79572","-0.099124"],["-0.18485","-0.16238","-0.40701","1.8031","-0.29544","0.10352","-0.074154","0.072473","-0.11402","-0.035302","0.092597","-0.037332","-0.058937","-0.53792","-0.24215","0.06553","0.64739","0.060368","0.31242","0.04847","0.025559","-0.13929","0.10119","0.067846","0.021045","0.22936","0.40718","-0.39986","-0.27394","0.061169","-0.16854","0.20043","0.059053","-0.16075","-0.020291","0.10724","-0.25703","-0.22195","0.082425"],["-0.32731","0.20964","0.14264","-0.29544","2.5453","-0.12023","0.71349","0.15263","-0.1975","0.012278","0.19117","-0.015863","-0.20554","0.044943","-0.11912","-0.094763","-0.17769","1.7225","-0.12299","0.34426","0.084656","0.1609","-0.35981","0.12828","-0.20518","-0.053643","-0.081516","-0.1125","0.15129","-0.16303","-0.016159","0.22403","0.082446","-0.14667","0.085695","-0.082291","0.27167","0.26101","-0.018579"],["-0.080944","-0.47737","-0.082111","0.10352","-0.12023","1.943","-0.29436","0.57934","-0.019167","0.45981","-0.030816","0.087398","-0.05855","-0.18243","-0.35417","0.20717","-0.31728","-0.10126","1.1207","-0.085488","0.1407","0.042078","0.27754","0.18864","0.17387","0.020496","-0.080688","0.11876","0.0037263","0.24793","-0.35491","-0.052853","-0.14924","0.14063","-0.012272","-0.0047517","0.17757","0.23628","-0.26242"],["-0.038252","0.15182","0.58472","-0.074154","0.71349","-0.29436","2.7764","0.037761","0.41141","-0.3435","-0.19835","-0.28608","-0.028365","-0.1305","-0.022856","0.15056","0.17462","0.57344","-0.12132","1.3495","-0.14765","0.38558","-0.56032","-0.26529","-0.29806","0.010233","-0.16702","0.19659","-0.28644","1.964e-05","-0.0051377","0.16592","-0.2796","-0.27636","0.11279","0.020362","-0.15465","0.22308","0.082873"],["-0.12546","-0.3877","-0.47442","0.072473","0.15263","0.57934","0.037761","2.555","-0.12941","0.28564","-0.25994","-0.08742","-0.39416","-0.51105","-0.45262","0.15332","0.25376","0.25524","0.031026","-0.11099","1.2624","0.080148","0.084235","0.011244","0.29323","-0.059012","-0.4333","0.23345","-0.32628","0.077329","-0.10459","-0.060182","-0.024162","0.02138","-0.13773","-0.044449","-0.13864","0.024719","-0.14345"],["0.20447","-0.21234","-0.043233","-0.11402","-0.1975","-0.019167","0.41141","-0.12941","1.8744","-0.41038","0.038133","-0.21171","0.099941","0.17617","0.22511","-0.47935","0.019778","-0.36398","-0.024772","0.139","0.23004","0.87103","0.019303","-0.21522","-0.098496","-0.091365","0.37063","0.12315","0.033745","0.19809","0.11774","0.052179","-0.048312","0.051968","0.082853","0.15964","0.051109","0.11704","-0.015274"],["-0.049788","0.38522","0.027465","-0.035302","0.012278","0.45981","-0.3435","0.28564","-0.41038","2.5274","0.0062977","0.18712","0.06439","0.0068576","0.05061","-0.22325","-0.038979","-0.14372","0.13333","0.042057","0.040365","-0.25847","1.5769","0.074245","-0.23965","-0.012341","-0.13384","-0.17624","0.20355","0.082449","0.11924","-0.22352","0.20179","-0.043971","0.14719","-0.18931","0.093504","0.24165","0.099409"],["0.35907","-0.06789","-0.018112","0.092597","0.19117","-0.030816","-0.19835","-0.25994","0.038133","0.0062977","2.2338","-0.34445","0.19893","-0.22302","-0.16619","-0.31772","0.15126","0.11655","0.17934","-0.015649","-0.0081083","-0.16367","-0.035038","1.3614","-0.12341","0.06065","0.31258","-0.16611","0.20723","-0.093146","0.082092","0.27329","-0.15103","0.025442","0.028736","0.037004","-0.070894","0.0064112","-0.2154"],["-0.0040076","-0.16502","-0.0018629","-0.037332","-0.015863","0.087398","-0.28608","-0.08742","-0.21171","0.18712","-0.34445","2.0251","-0.2218","0.35284","-0.12278","0.026777","-0.39556","-0.12145","0.061767","0.024393","-0.011684","-0.088985","-0.072452","-0.16218","1.0628","-0.097387","0.14763","0.0016431","0.39414","-0.14104","-0.036019","-0.22608","0.10606","0.056644","-0.22111","-0.32009","0.26553","-0.052256","0.06352"],["0.19291","-0.30688","0.10897","-0.058937","-0.20554","-0.05855","-0.028365","-0.39416","0.099941","0.06439","0.19893","-0.2218","2.0451","0.093665","-0.014069","0.068122","-0.14812","-0.32352","-0.057533","-0.13562","0.15189","0.0028087","0.19306","0.31401","-0.3237","1.2087","-0.063743","0.047558","-0.01534","0.32668","0.030345","0.25431","-0.048112","0.0088383","0.13599","0.023258","0.03345","0.039427","-0.1473"],["0.62157","-0.30244","0.46419","-0.53792","0.044943","-0.18243","-0.1305","-0.51105","0.17617","0.0068576","-0.22302","0.35284","0.093665","3.002","-1.0105","-0.46819","-0.65194","-0.30581","-0.24273","-0.47234","0.40233","-0.037418","0.030057","-0.525","-0.63014","0.0081585","-0.15354","0.073141","0.58939","-0.39142","-0.25173","-0.15146","0.15038","0.13678","-0.10836","-0.13496","0.22988","0.02243","0.2058"],["-0.36215","0.4895","-0.27039","-0.24215","-0.11912","-0.35417","-0.022856","-0.45262","0.22511","0.05061","-0.16619","-0.12278","-0.014069","-1.0105","3.9667","-0.43261","-0.89261","0.028213","-0.74496","-0.0084972","-0.79075","0.090924","0.32139","-0.50544","-0.0898","-0.69414","0.13025","0.2394","-0.77882","0.36343","0.55549","0.029602","0.064717","0.10706","0.40773","0.020463","0.059465","0.28507","0.3131"],["-0.15549","-0.13982","1.0629","0.06553","-0.094763","0.20717","0.15056","0.15332","-0.47935","-0.22325","-0.31772","0.026777","0.068122","-0.46819","-0.43261","2.7657","-0.9114","0.15565","-0.015968","0.093275","-0.591","-0.25261","-0.25719","-0.050297","0.11179","0.17525","-0.17836","0.033464","-0.25319","-0.13232","-0.45564","0.26861","-0.28446","0.24402","-0.10401","-0.1142","-0.15455","0.13646","-0.20045"],["-0.49372","0.057967","-0.34792","0.64739","-0.17769","-0.31728","0.17462","0.25376","0.019778","-0.038979","0.15126","-0.39556","-0.14812","-0.65194","-0.89261","-0.9114","3.3019","-0.54868","-0.092201","0.04413","0.030283","0.22864","-0.24077","0.28919","-0.20908","-0.26918","0.016643","-0.26945","0.00092065","0.065846","0.22998","0.025251","-0.13964","-0.24728","-0.13032","-0.046632","-0.35996","-0.03088","0.054943"],["0.10291","0.37192","-0.050272","0.060368","1.7225","-0.10126","0.57344","0.25524","-0.36398","-0.14372","0.11655","-0.12145","-0.32352","-0.30581","0.028213","0.15565","-0.54868","2.9233","-0.23332","0.57856","-0.31691","0.36867","-0.57566","0.048191","0.18891","0.14399","0.07145","-0.44489","0.015675","-0.47435","-0.14093","0.36502","-0.062819","-0.065017","-0.04088","-0.098104","-0.1428","-0.15367","0.23087"],["-0.16163","-0.13462","-0.1139","0.31242","-0.12299","1.1207","-0.12132","0.031026","-0.024772","0.13333","0.17934","0.061767","-0.057533","-0.24273","-0.74496","-0.015968","-0.092201","-0.23332","2.2117","-0.42256","0.24788","0.044648","-0.048438","-0.094699","0.36127","0.027412","0.26221","-0.33952","-0.17523","0.24247","-0.41721","0.14166","0.065425","0.025781","0.0066284","0.15215","0.083962","0.011544","-0.041662"],["0.32813","0.33552","0.14243","0.04847","0.34426","-0.085488","1.3495","-0.11099","0.139","0.042057","-0.015649","0.024393","-0.13562","-0.47234","-0.0084972","0.093275","0.04413","0.57856","-0.42256","2.3467","-0.79809","0.5366","-0.36181","0.21076","0.10167","0.13416","0.37775","-0.21364","0.10005","-0.18299","0.066864","-0.048022","-0.10085","-0.22972","0.15737","-0.012733","-0.17427","-0.23725","0.04712"],["-0.10501","-0.43612","-0.16584","0.025559","0.084656","0.1407","-0.14765","1.2624","0.23004","0.040365","-0.0081083","-0.011684","0.15189","0.40233","-0.79075","-0.591","0.030283","-0.31691","0.24788","-0.79809","2.5653","-0.24999","0.34134","-0.070619","0.18236","0.035632","-0.3642","0.2303","0.17016","0.1046","-0.044617","0.046123","0.21817","0.0034652","-0.12063","0.17185","0.10468","0.31929","-0.29406"],["-0.017697","0.12946","-0.11309","-0.13929","0.1609","0.042078","0.38558","0.080148","0.87103","-0.25847","-0.16367","-0.088985","0.0028087","-0.037418","0.090924","-0.25261","0.22864","0.36867","0.044648","0.5366","-0.24999","1.7423","-0.39912","-0.13194","0.0071081","-0.089305","0.1183","-0.31229","-0.12541","0.28644","0.021007","-0.0018703","-0.1454","-0.17444","0.027632","-0.18079","0.062923","-0.3346","0.21824"],["-0.10781","0.023212","-0.27107","0.10119","-0.35981","0.27754","-0.56032","0.084235","0.019303","1.5769","-0.035038","-0.072452","0.19306","0.030057","0.32139","-0.25719","-0.24077","-0.57566","-0.048438","-0.36181","0.34134","-0.39912","2.5311","-0.33688","-0.18524","0.18777","0.46006","-0.0077461","-0.15402","0.21967","0.27021","-0.15339","0.033124","0.030546","0.37624","-0.015375","0.33026","0.049422","-0.02906"],["-0.06777","-0.091517","-0.20708","0.067846","0.12828","0.18864","-0.26529","0.011244","-0.21522","0.074245","1.3614","-0.16218","0.31401","-0.525","-0.50544","-0.050297","0.28919","0.048191","-0.094699","0.21076","-0.070619","-0.13194","-0.33688","2.4262","-0.36259","0.32775","-0.29785","-0.13588","0.263","0.31364","0.074538","-0.018322","-0.081477","-0.19358","-0.019444","-0.29803","0.19549","0.081976","-0.31004"],["0.29293","-0.63614","-0.21819","0.021045","-0.20518","0.17387","-0.29806","0.29323","-0.098496","-0.23965","-0.12341","1.0628","-0.3237","-0.63014","-0.0898","0.11179","-0.20908","0.18891","0.36127","0.10167","0.18236","0.0071081","-0.18524","-0.36259","2.9573","-0.64532","0.084589","-0.39888","0.11486","-0.019619","0.072758","0.12462","0.073574","0.237","-0.0092621","0.25687","-0.53573","0.093757","0.082323"],["-0.18632","0.0087542","-0.19735","0.22936","-0.053643","0.020496","0.010233","-0.059012","-0.091365","-0.012341","0.06065","-0.097387","1.2087","0.0081585","-0.69414","0.17525","-0.26918","0.14399","0.027412","0.13416","0.035632","-0.089305","0.18777","0.32775","-0.64532","2.4707","-0.15636","-0.18396","-0.068606","0.32477","-0.079686","0.059551","0.10888","-0.18933","-0.059049","-0.1056","0.13519","-0.48474","-0.24114"],["0.75606","0.37953","-0.16779","0.40718","-0.081516","-0.080688","-0.16702","-0.4333","0.37063","-0.13384","0.31258","0.14763","-0.063743","-0.15354","0.13025","-0.17836","0.016643","0.07145","0.26221","0.37775","-0.3642","0.1183","0.46006","-0.29785","0.084589","-0.15636","4.0838","-1.215","0.0082477","-0.30594","-0.37619","0.11648","-0.32409","0.114","0.27279","0.07577","0.1084","-0.73208","-0.11757"],["0.00062285","-0.13363","-0.26723","-0.39986","-0.1125","0.11876","0.19659","0.23345","0.12315","-0.17624","-0.16611","0.0016431","0.047558","0.073141","0.2394","0.033464","-0.26945","-0.44489","-0.33952","-0.21364","0.2303","-0.31229","-0.0077461","-0.13588","-0.39888","-0.18396","-1.215","3.9113","-0.32278","-1.2439","0.3942","-0.71794","0.20932","-0.29508","0.3114","0.26495","-0.044772","0.38174","-0.39051"],["0.2856","-0.32874","0.30361","-0.27394","0.15129","0.0037263","-0.28644","-0.32628","0.033745","0.20355","0.20723","0.39414","-0.01534","0.58939","-0.77882","-0.25319","0.00092065","0.015675","-0.17523","0.10005","0.17016","-0.12541","-0.15402","0.263","0.11486","-0.068606","0.0082477","-0.32278","2.9111","-1.1173","0.15623","-0.22719","-0.072223","-0.26854","-0.30946","-0.25636","0.048106","-0.0021091","0.098654"],["-0.50795","-0.47247","-0.12937","0.061169","-0.16303","0.24793","1.964e-05","0.077329","0.19809","0.082449","-0.093146","-0.14104","0.32668","-0.39142","0.36343","-0.13232","0.065846","-0.47435","0.24247","-0.18299","0.1046","0.28644","0.21967","0.31364","-0.019619","0.32477","-0.30594","-1.2439","-1.1173","3.7984","-0.88788","0.12805","0.027557","-0.17349","0.24403","-0.070946","0.13408","-0.024266","-0.12597"],["-0.013736","0.24969","-0.21237","-0.16854","-0.016159","-0.35491","-0.0051377","-0.10459","0.11774","0.11924","0.082092","-0.036019","0.030345","-0.25173","0.55549","-0.45564","0.22998","-0.14093","-0.41721","0.066864","-0.044617","0.021007","0.27021","0.074538","0.072758","-0.079686","-0.37619","0.3942","0.15623","-0.88788","1.8142","-0.43685","0.1946","-0.41922","0.23317","-0.22906","0.059898","0.24893","0.030832"],["0.21714","-0.35085","0.15962","0.20043","0.22403","-0.052853","0.16592","-0.060182","0.052179","-0.22352","0.27329","-0.22608","0.25431","-0.15146","0.029602","0.26861","0.025251","0.36502","0.14166","-0.048022","0.046123","-0.0018703","-0.15339","-0.018322","0.12462","0.059551","0.11648","-0.71794","-0.22719","0.12805","-0.43685","1.8878","-0.40873","0.33643","-0.068657","0.057583","-0.37412","0.18565","-0.048089"],["-0.072748","0.22548","-0.097218","0.059053","0.082446","-0.14924","-0.2796","-0.024162","-0.048312","0.20179","-0.15103","0.10606","-0.048112","0.15038","0.064717","-0.28446","-0.13964","-0.062819","0.065425","-0.10085","0.21817","-0.1454","0.033124","-0.081477","0.073574","0.10888","-0.32409","0.20932","-0.072223","0.027557","0.1946","-0.40873","1.6959","-0.46656","0.43133","-0.035819","0.029948","0.15487","0.30209"],["0.15231","-0.31556","0.28983","-0.16075","-0.14667","0.14063","-0.27636","0.02138","0.051968","-0.043971","0.025442","0.056644","0.0088383","0.13678","0.10706","0.24402","-0.24728","-0.065017","0.025781","-0.22972","0.0034652","-0.17444","0.030546","-0.19358","0.237","-0.18933","0.114","-0.29508","-0.26854","-0.17349","-0.41922","0.33643","-0.46656","1.8864","-0.31589","0.45334","-0.026323","0.2806","-0.22766"],["0.097624","0.11758","-0.25923","-0.020291","0.085695","-0.012272","0.11279","-0.13773","0.082853","0.14719","0.028736","-0.22111","0.13599","-0.10836","0.40773","-0.10401","-0.13032","-0.04088","0.0066284","0.15737","-0.12063","0.027632","0.37624","-0.019444","-0.0092621","-0.059049","0.27279","0.3114","-0.30946","0.24403","0.23317","-0.068657","0.43133","-0.31589","1.4137","-0.16233","0.10857","-0.063393","0.039303"],["0.17845","-0.068266","-0.12135","0.10724","-0.082291","-0.0047517","0.020362","-0.044449","0.15964","-0.18931","0.037004","-0.32009","0.023258","-0.13496","0.020463","-0.1142","-0.046632","-0.098104","0.15215","-0.012733","0.17185","-0.18079","-0.015375","-0.29803","0.25687","-0.1056","0.07577","0.26495","-0.25636","-0.070946","-0.22906","0.057583","-0.035819","0.45334","-0.16233","1.338","-0.36776","0.020577","0.00061549"],["-0.47304","-0.069541","0.17039","-0.25703","0.27167","0.17757","-0.15465","-0.13864","0.051109","0.093504","-0.070894","0.26553","0.03345","0.22988","0.059465","-0.15455","-0.35996","-0.1428","0.083962","-0.17427","0.10468","0.062923","0.33026","0.19549","-0.53573","0.13519","0.1084","-0.044772","0.048106","0.13408","0.059898","-0.37412","0.029948","-0.026323","0.10857","-0.36776","1.7761","0.03203","-0.1743"],["-0.062588","-0.34351","0.79572","-0.22195","0.26101","0.23628","0.22308","0.024719","0.11704","0.24165","0.0064112","-0.052256","0.039427","0.02243","0.28507","0.13646","-0.03088","-0.15367","0.011544","-0.23725","0.31929","-0.3346","0.049422","0.081976","0.093757","-0.48474","-0.73208","0.38174","-0.0021091","-0.024266","0.24893","0.18565","0.15487","0.2806","-0.063393","0.020577","0.03203","2.1229","-0.56366"],["0.016776","0.084492","-0.099124","0.082425","-0.018579","-0.26242","0.082873","-0.14345","-0.015274","0.099409","-0.2154","0.06352","-0.1473","0.2058","0.3131","-0.20045","0.054943","0.23087","-0.041662","0.04712","-0.29406","0.21824","-0.02906","-0.31004","0.082323","-0.24114","-0.11757","-0.39051","0.098654","-0.12597","0.030832","-0.048089","0.30209","-0.22766","0.039303","0.00061549","-0.1743","-0.56366","1.6179"]],[["3.4761","0.78276","-0.75391","0.18941","-0.75779","-0.45952","-0.20522","-0.38825","-0.22488","0.88356","0.1406","-0.63816","0.04532","0.39018","-0.90448","0.11529","-0.26783","-0.5939","-0.66787","0.23436","-0.17422","-0.41282","0.61049","0.34286","-0.43212","0.16868","-0.17196","-0.020535","0.12344","-0.23894","-0.011326","0.72217","0.1532","0.082061","-0.054855","-0.21178","0.016807","-0.87042","0.23127"],["0.78276","3.0258","-0.4713","0.02588","0.23997","-0.87022","0.18922","-0.80493","0.37503","0.17019","-0.58787","0.38772","-0.0054823","-0.93181","0.36438","-0.18833","0.050212","0.0011059","-0.30746","0.64937","0.44016","0.35681","0.23893","0.059348","-0.87173","0.63685","0.043073","0.31662","0.20011","-0.27108","0.083185","-0.38358","0.92449","-0.039362","-0.44218","0.42192","-1.0091","-0.21746","0.29895"],["-0.75391","-0.4713","2.8654","-0.58101","0.54848","-0.35933","0.022115","0.35586","-0.88559","-0.30478","-0.15836","0.34458","0.32532","-0.071149","-0.031673","0.97529","-0.071425","0.17586","-0.046346","0.35519","0.030488","-0.0060661","-0.49119","0.82221","0.4931","-0.47919","0.29112","-0.28917","-0.30132","0.036687","0.21601","-0.42283","-0.49143","0.036247","-0.090701","-0.048976","-0.11004","0.15119","0.62335"],["0.18941","0.02588","-0.58101","1.8947","-0.071221","0.13118","0.47351","0.55961","0.061874","0.064798","0.13519","-0.44373","-0.28537","-0.28256","0.13257","0.0094068","0.98471","-0.47938","0.01338","-0.44479","0.61526","0.10688","-0.073766","-0.094038","-0.43731","-0.3388","-0.60246","-0.21499","0.074435","0.015824","-0.41652","0.39644","-0.38322","-0.23122","0.19296","0.70058","0.18013","-0.18778","-0.53781"],["-0.75779","0.23997","0.54848","-0.071221","3.9846","-0.96937","0.34895","0.19276","0.003418","-0.76462","-0.25882","0.047319","0.070104","-0.052296","-0.2932","-0.084734","0.1298","3.0231","0.02196","-0.00085397","0.63685","0.53672","0.062918","0.50547","-0.15754","0.6416","-0.044404","-0.21424","0.055029","0.052166","-0.54413","-0.69442","0.11795","-0.059836","-0.051859","0.59182","-0.21855","-0.06995","0.11645"],["-0.45952","-0.87022","-0.35933","0.13118","-0.96937","3.4898","-0.057093","0.2258","0.33851","0.76981","0.27033","0.25568","0.15748","-0.12359","-0.41339","0.13223","-0.94796","-0.2619","1.3865","0.088554","-0.26074","-0.2794","0.21842","0.047121","1.3759","-0.15307","-0.040017","0.80022","-0.39817","-0.61258","0.60455","-0.06578","0.53658","-0.36779","0.26836","-0.26915","1.2158","-0.50547","0.0081231"],["-0.20522","0.18922","0.022115","0.47351","0.34895","-0.057093","2.6852","-0.27957","0.56414","-0.59707","-0.20498","0.12413","0.10027","-0.38376","0.51734","-0.30777","0.38192","0.020835","-0.39822","1.3727","-0.15048","0.27451","-0.37681","0.48467","0.41471","-0.082428","-0.030141","0.35865","-0.58281","-0.4741","-0.014958","1.0426","-0.1084","-0.44553","0.333","0.22324","0.017114","-0.13827","-0.92797"],["-0.38825","-0.80493","0.35586","0.55961","0.19276","0.2258","-0.27957","3.617","-0.10123","0.19824","-1.0276","0.71204","-0.18821","0.23057","-0.18674","0.22205","0.087206","-0.010978","-0.18489","-0.66354","2.189","-0.59974","0.099467","-0.27024","0.16572","0.14329","0.2639","-0.20263","0.35301","-0.56595","-0.2541","0.093401","-0.87574","-0.62804","-0.019583","0.67473","-0.32303","0.45662","-0.84255"],["-0.22488","0.37503","-0.88559","0.061874","0.003418","0.33851","0.56414","-0.10123","4.0225","-1.017","-0.30214","0.77163","-1.2118","-0.20769","-0.41108","0.092191","-0.37564","0.52299","-0.1174","0.12067","0.12579","2.1362","0.30986","0.028467","0.29026","0.071715","-0.21468","-0.010891","-0.11553","-0.34972","-0.16003","0.32082","0.35978","0.253","0.03578","0.4969","0.68123","0.026042","-0.44545"],["0.88356","0.17019","-0.30478","0.064798","-0.76462","0.76981","-0.59707","0.19824","-1.017","3.9395","-0.59818","-0.67449","-0.021328","-0.26196","-0.33449","0.22459","-0.066059","-0.50207","-0.18715","-0.032978","-0.067725","-0.61681","2.2531","-0.36142","-0.054629","0.051537","0.251","-0.19283","0.21237","-0.055541","0.74934","0.21792","0.32801","0.088846","-0.66287","0.3326","0.30686","0.078251","0.30402"],["0.1406","-0.58787","-0.15836","0.13519","-0.25882","0.27033","-0.20498","-1.0276","-0.30214","-0.59818","3.5505","-0.91011","-0.29847","0.32988","-0.53201","-0.45392","-0.1912","-0.32114","-0.32846","0.10758","-0.70986","-0.47865","-0.26824","2.0366","-0.021519","-1.0439","-0.039486","-0.23157","-0.27748","-0.10544","0.20166","0.020397","-0.00058702","0.52526","0.51974","0.1281","-0.04463","-0.0078438","0.92202"],["-0.63816","0.38772","0.34458","-0.44373","0.047319","0.25568","0.12413","0.71204","0.77163","-0.67449","-0.91011","3.041","-0.093194","-0.37582","-0.40642","-0.32432","-0.079056","0.25127","0.28197","0.26598","0.74064","0.14233","-0.433","-0.22225","1.8705","0.082911","0.37274","0.20957","-0.14515","0.4661","0.028585","-0.17511","0.12083","0.038564","0.11697","0.042262","-0.60024","0.1669","-0.43154"],["0.04532","-0.0054823","0.32532","-0.28537","0.070104","0.15748","0.10027","-0.18821","-1.2118","-0.021328","-0.29847","-0.093194","3.2002","-0.10663","-0.25203","-0.34743","0.14037","-0.1828","0.3338","0.405","0.10614","-0.53349","-0.16404","0.013492","-0.65586","2.2988","-0.25069","0.53482","0.28512","0.43719","-0.33334","-0.22209","-0.27847","-0.40441","0.27364","-0.54405","0.15672","-0.96101","-0.49563"],["0.39018","-0.93181","-0.071149","-0.28256","-0.052296","-0.12359","-0.38376","0.23057","-0.20769","-0.26196","0.32988","-0.37582","-0.10663","4.7526","-1.1039","-0.34711","-0.83414","-0.15231","-0.47625","-0.25616","-0.40131","0.17411","0.03903","-0.67255","-0.57774","-0.36744","-0.072419","-0.64471","0.90459","-0.74542","-0.062933","-0.15275","-0.28363","0.091845","0.45196","-0.1572","-0.15787","0.39476","0.10522"],["-0.90448","0.36438","-0.031673","0.13257","-0.2932","-0.41339","0.51734","-0.18674","-0.41108","-0.33449","-0.53201","-0.40642","-0.25203","-1.1039","7.4737","-0.37161","-0.80257","-0.85154","-0.75211","0.084299","-0.47168","0.39465","-0.27235","-0.72651","-0.53625","-0.72311","0.080404","0.1645","-0.52594","0.23896","-0.024775","-0.31541","-0.49537","-0.18271","0.0036649","0.080312","-0.65872","-0.26418","0.22515"],["0.11529","-0.18833","0.97529","0.0094068","-0.084734","0.13223","-0.30777","0.22205","0.092191","0.22459","-0.45392","-0.32432","-0.34743","-0.34711","-0.37161","3.7689","-1.8844","-0.42321","0.25966","-0.48211","-0.23177","0.10275","-0.34316","-0.41268","-0.25052","-0.017322","0.079434","-0.032784","0.10873","-0.11523","-0.85687","-0.29015","-0.072162","0.1955","-0.53426","0.30348","0.56084","-0.035489","0.031172"],["-0.26783","0.050212","-0.071425","0.98471","0.1298","-0.94796","0.38192","0.087206","-0.37564","-0.066059","-0.1912","-0.079056","0.14037","-0.83414","-0.80257","-1.8844","5.7113","-0.68732","-0.24363","-0.0027907","-0.0013876","-0.31824","0.21237","0.30683","0.056786","-0.17522","-0.51453","-0.09209","0.30943","0.9287","-0.21277","-0.45136","-0.2481","-0.49179","0.29894","-0.12539","-0.55802","0.19144","-0.54645"],["-0.5939","0.0011059","0.17586","-0.47938","3.0231","-0.2619","0.020835","-0.010978","0.52299","-0.50207","-0.32114","0.25127","-0.1828","-0.15231","-0.85154","-0.42321","-0.68732","4.6589","-0.30408","0.68594","-0.26721","0.74504","0.46809","0.32584","0.73021","0.77456","0.54483","0.016973","0.5871","-0.95894","-0.28373","-0.084065","0.057969","0.34802","-0.14651","-0.30489","-0.0064241","0.13054","0.31197"],["-0.66787","-0.30746","-0.046346","0.01338","0.02196","1.3865","-0.39822","-0.18489","-0.1174","-0.18715","-0.32846","0.28197","0.3338","-0.47625","-0.75211","0.25966","-0.24363","-0.30408","4.8792","-1.2727","-0.20606","0.86539","-1.4867","-0.63817","-0.30846","0.10508","0.79403","-0.20167","-0.68378","0.84028","0.22466","0.22395","0.23333","-0.4521","0.41469","-0.44255","0.43265","-0.17386","-0.34662"],["0.23436","0.64937","0.35519","-0.44479","-0.00085397","0.088554","1.3727","-0.66354","0.12067","-0.032978","0.10758","0.26598","0.405","-0.25616","0.084299","-0.48211","-0.0027907","0.68594","-1.2727","3.7571","-1.3257","0.32596","0.047473","0.53908","1.0833","0.65956","-0.11112","0.083513","0.24598","-0.2343","0.036056","0.12931","0.51461","0.026458","-0.51809","-0.71662","-0.55592","0.23877","-0.065037"],["-0.17422","0.44016","0.030488","0.61526","0.63685","-0.26074","-0.15048","2.189","0.12579","-0.067725","-0.70986","0.74064","0.10614","-0.40131","-0.47168","-0.23177","-0.0013876","-0.26721","-0.20606","-1.3257","4.0509","-0.88235","0.41715","-0.086074","0.053209","0.1671","0.13445","-0.20588","-0.30621","-0.052692","0.30871","-0.11432","-0.29613","0.063489","-0.16631","0.88116","0.43082","-0.059927","-0.7411"],["-0.41282","0.35681","-0.0060661","0.10688","0.53672","-0.2794","0.27451","-0.59974","2.1362","-0.61681","-0.47865","0.14233","-0.53349","0.17411","0.39465","0.10275","-0.31824","0.74504","0.86539","0.32596","-0.88235","3.7005","-1.0646","-0.34744","-0.71515","0.17335","-0.11482","-0.40036","-0.01611","-0.097933","0.016682","0.47738","-0.12812","0.27803","-0.017202","0.061863","0.15379","-0.11121","0.21913"],["0.61049","0.23893","-0.49119","-0.073766","0.062918","0.21842","-0.37681","0.099467","0.30986","2.2531","-0.26824","-0.433","-0.16404","0.03903","-0.27235","-0.34316","0.21237","0.46809","-1.4867","0.047473","0.41715","-1.0646","5.2449","-0.33118","0.3814","0.26122","-0.20105","-0.4951","0.38064","-0.089056","-0.1048","-0.60285","0.45314","0.28376","0.32378","0.43239","0.088724","-0.1588","0.32742"],["0.34286","0.059348","0.82221","-0.094038","0.50547","0.047121","0.48467","-0.27024","0.028467","-0.36142","2.0366","-0.22225","0.013492","-0.67255","-0.72651","-0.41268","0.30683","0.32584","-0.63817","0.53908","-0.086074","-0.34744","-0.33118","5.4708","-0.5779","-0.36075","-0.4802","0.35221","-0.56803","0.013415","0.6717","0.3289","-0.22109","-0.030841","0.063555","0.3351","-0.26136","-0.41246","0.35728"],["-0.43212","-0.87173","0.4931","-0.43731","-0.15754","1.3759","0.41471","0.16572","0.29026","-0.054629","-0.021519","1.8705","-0.65586","-0.57774","-0.53625","-0.25052","0.056786","0.73021","-0.30846","1.0833","0.053209","-0.71515","0.3814","-0.5779","5.1631","-1.5746","-0.17849","0.37986","-0.40544","0.21275","0.042145","-0.40765","0.12312","0.86732","-0.31171","-0.49597","0.58442","0.32256","0.36914"],["0.16868","0.63685","-0.47919","-0.3388","0.6416","-0.15307","-0.082428","0.14329","0.071715","0.051537","-1.0439","0.082911","2.2988","-0.36744","-0.72311","-0.017322","-0.17522","0.77456","0.10508","0.65956","0.1671","0.17335","0.26122","-0.36075","-1.5746","4.5351","-0.2349","0.027721","0.38577","0.51791","-0.63324","-0.049647","-0.060458","0.14309","-0.076631","-0.92417","0.11549","-0.84155","-0.20841"],["-0.17196","0.043073","0.29112","-0.60246","-0.044404","-0.040017","-0.030141","0.2639","-0.21468","0.251","-0.039486","0.37274","-0.25069","-0.072419","0.080404","0.079434","-0.51453","0.54483","0.79403","-0.11112","0.13445","-0.11482","-0.20105","-0.4802","-0.17849","-0.2349","6.2471","-2.1769","-0.4758","-1.3825","0.41012","-0.66341","0.23152","-0.0089635","-0.22424","0.28999","-0.24774","-1.0037","0.13196"],["-0.020535","0.31662","-0.28917","-0.21499","-0.21424","0.80022","0.35865","-0.20263","-0.010891","-0.19283","-0.23157","0.20957","0.53482","-0.64471","0.1645","-0.032784","-0.09209","0.016973","-0.20167","0.083513","-0.20588","-0.40036","-0.4951","0.35221","0.37986","0.027721","-2.1769","5.3509","-0.14945","-2.1878","0.014409","-0.87333","0.46705","-0.80858","0.27459","-0.27763","-0.12835","-0.14777","-0.6286"],["0.12344","0.20011","-0.30132","0.074435","0.055029","-0.39817","-0.58281","0.35301","-0.11553","0.21237","-0.27748","-0.14515","0.28512","0.90459","-0.52594","0.10873","0.30943","0.5871","-0.68378","0.24598","-0.30621","-0.01611","0.38064","-0.56803","-0.40544","0.38577","-0.4758","-0.14945","3.2759","-1.4203","-0.78026","0.014884","-0.3872","-0.59767","-0.48917","-0.0030961","-0.76255","0.33294","-0.10695"],["-0.23894","-0.27108","0.036687","0.015824","0.052166","-0.61258","-0.4741","-0.56595","-0.34972","-0.055541","-0.10544","0.4661","0.43719","-0.74542","0.23896","-0.11523","0.9287","-0.95894","0.84028","-0.2343","-0.052692","-0.097933","-0.089056","0.013415","0.21275","0.51791","-1.3825","-2.1878","-1.4203","5.7011","-0.58793","-0.49191","0.22283","0.53892","0.35402","-0.48988","0.19721","0.53887","-0.26347"],["-0.011326","0.083185","0.21601","-0.41652","-0.54413","0.60455","-0.014958","-0.2541","-0.16003","0.74934","0.20166","0.028585","-0.33334","-0.062933","-0.024775","-0.85687","-0.21277","-0.28373","0.22466","0.036056","0.30871","0.016682","-0.1048","0.6717","0.042145","-0.63324","0.41012","0.014409","-0.78026","-0.58793","3.3295","0.31872","0.9092","-0.79806","0.50268","-0.23518","0.4678","0.26998","0.92338"],["0.72217","-0.38358","-0.42283","0.39644","-0.69442","-0.06578","1.0426","0.093401","0.32082","0.21792","0.020397","-0.17511","-0.22209","-0.15275","-0.31541","-0.29015","-0.45136","-0.084065","0.22395","0.12931","-0.11432","0.47738","-0.60285","0.3289","-0.40765","-0.049647","-0.66341","-0.87333","0.014884","-0.49191","0.31872","5.1758","-1.7508","0.30496","0.30665","-0.50654","-0.20841","0.35359","-0.66223"],["0.1532","0.92449","-0.49143","-0.38322","0.11795","0.53658","-0.1084","-0.87574","0.35978","0.32801","-0.00058702","0.12083","-0.27847","-0.28363","-0.49537","-0.072162","-0.2481","0.057969","0.23333","0.51461","-0.29613","-0.12812","0.45314","-0.22109","0.12312","-0.060458","0.23152","0.46705","-0.3872","0.22283","0.9092","-1.7508","3.5808","-1.8139","0.56648","-0.076256","0.43368","0.18891","0.54598"],["0.082061","-0.039362","0.036247","-0.23122","-0.059836","-0.36779","-0.44553","-0.62804","0.253","0.088846","0.52526","0.038564","-0.40441","0.091845","-0.18271","0.1955","-0.49179","0.34802","-0.4521","0.026458","0.063489","0.27803","0.28376","-0.030841","0.86732","0.14309","-0.0089635","-0.80858","-0.59767","0.53892","-0.79806","0.30496","-1.8139","4.6595","-1.5671","0.0099179","-0.01695","0.49843","0.090522"],["-0.054855","-0.44218","-0.090701","0.19296","-0.051859","0.26836","0.333","-0.019583","0.03578","-0.66287","0.51974","0.11697","0.27364","0.45196","0.0036649","-0.53426","0.29894","-0.14651","0.41469","-0.51809","-0.16631","-0.017202","0.32378","0.063555","-0.31171","-0.076631","-0.22424","0.27459","-0.48917","0.35402","0.50268","0.30665","0.56648","-1.5671","2.9764","-0.55405","-0.19488","-0.226","0.091848"],["-0.21178","0.42192","-0.048976","0.70058","0.59182","-0.26915","0.22324","0.67473","0.4969","0.3326","0.1281","0.042262","-0.54405","-0.1572","0.080312","0.30348","-0.12539","-0.30489","-0.44255","-0.71662","0.88116","0.061863","0.43239","0.3351","-0.49597","-0.92417","0.28999","-0.27763","-0.0030961","-0.48988","-0.23518","-0.50654","-0.076256","0.0099179","-0.55405","3.36","-0.66178","-0.25066","-0.079973"],["0.016807","-1.0091","-0.11004","0.18013","-0.21855","1.2158","0.017114","-0.32303","0.68123","0.30686","-0.04463","-0.60024","0.15672","-0.15787","-0.65872","0.56084","-0.55802","-0.0064241","0.43265","-0.55592","0.43082","0.15379","0.088724","-0.26136","0.58442","0.11549","-0.24774","-0.12835","-0.76255","0.19721","0.4678","-0.20841","0.43368","-0.01695","-0.19488","-0.66178","4.2186","-1.3653","-0.28863"],["-0.87042","-0.21746","0.15119","-0.18778","-0.06995","-0.50547","-0.13827","0.45662","0.026042","0.078251","-0.0078438","0.1669","-0.96101","0.39476","-0.26418","-0.035489","0.19144","0.13054","-0.17386","0.23877","-0.059927","-0.11121","-0.1588","-0.41246","0.32256","-0.84155","-1.0037","-0.14777","0.33294","0.53887","0.26998","0.35359","0.18891","0.49843","-0.226","-0.25066","-1.3653","4.0282","-1.1928"],["0.23127","0.29895","0.62335","-0.53781","0.11645","0.0081231","-0.92797","-0.84255","-0.44545","0.30402","0.92202","-0.43154","-0.49563","0.10522","0.22515","0.031172","-0.54645","0.31197","-0.34662","-0.065037","-0.7411","0.21913","0.32742","0.35728","0.36914","-0.20841","0.13196","-0.6286","-0.10695","-0.26347","0.92338","-0.66223","0.54598","0.090522","0.091848","-0.079973","-0.28863","-1.1928","4.0741"]],[["4.7003","-0.48759","-1.1708","0.21694","0.090235","-0.46684","-0.85958","-0.39821","0.17071","-0.28194","-0.25743","-0.18368","-0.0069236","0.56091","-1.5368","-1.3033","-0.15537","0.6579","-0.20199","0.12424","-0.12958","-0.26801","0.31322","-0.14485","0.5796","-0.3775","0.49975","1.4418","-0.81808","0.25888","-0.71499","0.41876","-0.026556","0.19437","-0.1832","0.33106","0.22217","0.15434","-1.9423"],["-0.48759","3.7445","-0.98636","0.39937","0.47693","-0.96618","-0.021321","0.70622","0.19191","0.99468","-0.27723","-0.6673","-0.35475","-0.15973","0.93643","-0.23578","-1.0876","0.21401","0.064313","0.34976","0.12183","0.10831","-0.45572","-0.64503","-0.4425","0.76874","0.40623","0.28251","-1.2949","0.098205","0.47239","-1.0991","0.18822","-0.60731","-0.23239","-0.6552","-0.16319","-1.3915","-0.15447"],["-1.1708","-0.98636","3.0752","-0.94027","0.12381","0.33363","0.84689","0.066565","-0.28119","-0.51954","0.49217","0.49925","0.51878","0.60363","0.091851","1.1516","0.55401","0.30051","0.028484","0.22156","0.47136","-0.30962","-0.1364","-0.30673","-0.013248","-0.3107","0.14562","-0.14271","0.071624","0.45645","-0.070238","-0.61921","-0.0062565","-0.67861","-0.49002","0.52461","-0.11584","0.53602","1.2804"],["0.21694","0.39937","-0.94027","4.0394","-0.16264","0.14771","-0.34886","0.25765","0.45685","0.081102","0.87712","-0.72262","-0.24987","0.064907","-0.00069574","-0.045353","1.5004","0.76643","-0.87838","-0.36937","0.13839","1.3528","-0.32686","-0.48655","-0.58217","0.0081009","-0.41793","-0.27956","-0.47425","-0.93295","0.76561","0.41903","-1.0512","-0.82798","0.58761","0.16519","0.48259","0.42027","-0.12313"],["0.090235","0.47693","0.12381","-0.16264","3.6843","0.23216","0.78717","0.32417","0.80196","-0.91309","-0.012691","-0.24739","0.81139","-1.2801","0.078732","-0.42712","0.07531","2.0364","0.60428","-0.30535","0.17226","-0.51936","0.46349","0.094709","1.0542","0.85106","0.40907","-0.53921","-0.45777","-0.16377","0.10131","-0.47907","0.50805","0.059672","0.23714","0.19567","0.045923","-0.005978","-0.22475"],["-0.46684","-0.96618","0.33363","0.14771","0.23216","3.7049","0.22231","-0.90758","1.5984","0.39393","0.21338","-0.017979","-0.1835","-0.13587","-0.94563","0.013615","0.30307","0.5952","1.7782","0.097782","0.37809","0.99618","0.51689","-0.12961","-0.21408","0.63254","-0.79218","0.39266","0.84666","-0.56487","-0.4708","-0.20276","-0.34823","0.35257","-0.15704","0.23382","-0.59507","0.71417","0.16424"],["-0.85958","-0.021321","0.84689","-0.34886","0.78717","0.22231","3.696","0.064246","0.57174","-0.54241","0.70203","0.057738","0.78308","-0.031245","-0.0070077","-0.74953","-0.17144","-0.45582","-0.28583","2.3815","0.70439","0.10307","0.14448","0.65322","0.65732","0.095154","0.035676","-0.26553","-0.065339","-0.1251","0.27492","-0.7738","0.10973","0.16058","0.18757","0.28076","-0.19236","0.2935","0.54661"],["-0.39821","0.70622","0.066565","0.25765","0.32417","-0.90758","0.064246","3.8454","-0.28887","0.031718","-0.39394","0.51871","0.37112","-0.062979","-0.27233","-0.31922","-0.62294","-0.23231","0.40584","-0.60486","2.2562","-0.30599","-0.49132","0.012371","0.32504","0.36622","-0.22609","0.15043","-0.39513","0.167","0.19308","0.28488","-0.9026","-0.79205","-0.8591","-0.24754","0.8875","-0.026724","0.40916"],["0.17071","0.19191","-0.28119","0.45685","0.80196","1.5984","0.57174","-0.28887","3.4948","-0.26072","-0.49441","-0.23272","0.17017","-0.3515","-0.19901","-0.11866","-0.35651","0.43234","0.31035","0.10942","0.37135","2.4884","0.24172","-0.23394","-0.088691","0.036952","-0.61389","0.4699","-0.017277","-0.29559","-0.15329","-0.33234","-0.51592","0.062151","-0.97746","0.12446","-0.1627","0.20044","0.3079"],["-0.28194","0.99468","-0.51954","0.081102","-0.91309","0.39393","-0.54241","0.031718","-0.26072","5.2374","-0.70367","-0.07792","-1.0508","-0.16668","-0.30699","-0.17812","-0.53689","0.28775","-0.26074","0.59787","1.3387","-0.11456","1.6381","-0.47426","-0.89549","-0.91543","0.2758","-0.4065","0.28675","0.82984","-0.1734","-0.73834","-0.2234","0.23352","0.3061","-1.2321","-1.3165","0.96234","-0.52787"],["-0.25743","-0.27723","0.49217","0.87712","-0.012691","0.21338","0.70203","-0.39394","-0.49441","-0.70367","3.5787","-0.40038","0.48577","0.59944","0.16045","-0.069813","0.50691","0.044846","0.021751","0.4046","-0.003203","-0.51999","-0.93062","2.3047","-0.040918","-0.24864","-0.45086","0.47701","-0.11942","-0.54599","0.57508","-0.64759","0.030909","-0.41947","0.16263","0.66564","-0.75224","0.30856","-0.019754"],["-0.18368","-0.6673","0.49925","-0.72262","-0.24739","-0.017979","0.057738","0.51871","-0.23272","-0.07792","-0.40038","2.5557","-0.16106","-0.089955","-0.10954","0.19134","-0.36241","-0.16757","-0.31518","0.48977","0.28916","-0.2288","-0.050637","-0.061137","1.2159","-0.71229","0.16081","0.14916","0.17583","0.37723","-0.20832","1.1364","-0.6596","-0.36465","-0.4889","0.13612","0.051565","-0.43369","0.57884"],["-0.0069236","-0.35475","0.51878","-0.24987","0.81139","-0.1835","0.78308","0.37112","0.17017","-1.0508","0.48577","-0.16106","3.1259","0.78896","-0.57957","0.052665","-0.49159","-0.41123","-0.75357","0.25052","0.010812","-0.14487","0.81916","0.20297","-0.17455","2.2246","0.63237","-0.42308","0.19674","-0.25128","0.51499","-0.23249","-0.4072","-0.26501","0.65825","0.11379","0.044597","0.43438","-0.65074"],["0.56091",