[{"mu":[["0.50142","-0.24602","0.58985","0.62555","0.58571","0.46979","0.11269","0.013664","-0.30501","-0.7169","0.20597","-0.34581","-0.84222","-0.39313","0.21637","-0.24746","-0.15473","0.05208","-0.5404","-0.12709","0.42257","0.40953","0.26828","-0.63823","-0.2243","0.28416","-0.62572","0.19257","-0.4778","-0.8017","-0.34252","-0.068919","-0.17658","-0.42149","-0.1558","0.25783","0.04452","0.33818","0.67975"],["0.40554","0.25923","0.29372","0.56804","-0.18386","-0.012347","0.16702","0.40727","-0.14123","-0.34816","0.1981","-0.23107","-0.23205","-1.4274","-0.46127","-0.6162","-0.95677","0.033805","0.074569","-0.32866","-0.79044","0.086283","0.1934","0.0087747","0.55894","0.01297","0.094112","-1.073","-1.3681","0.061206","0.17958","0.63775","-1.0389","-0.69942","-0.12483","0.85773","0.71018","-0.62904","-0.5551"],["-0.47936","-0.41364","0.014637","-0.54686","-0.33811","0.29625","0.069028","-0.19518","0.0056361","0.23889","0.4804","0.92847","-0.32879","0.041167","0.033713","0.28719","0.34689","0.44507","0.1378","-0.047734","0.094548","-0.15905","-0.21521","-0.090685","0.033215","0.1757","0.11496","0.21414","0.24668","-0.022636","-0.25243","-0.34715","0.14803","0.35838","-0.033157","-0.32305","-0.59227","-0.64449","0.38718"],["-0.3578","-0.26888","-0.44057","-0.009534","0.03448","0.17241","0.17683","-0.13168","-0.22283","-0.019743","0.20643","0.35127","0.54792","0.44576","-0.024584","0.16044","-0.070279","-0.11312","0.0051096","-0.10326","0.080563","0.21185","0.028404","-0.094652","-0.25183","-0.11151","0.27969","0.10814","0.25603","0.27378","0.15265","0.00017341","0.0011402","0.17093","0.2363","0.16639","-0.058642","-0.19132","-0.36217"],["0.41488","0.6124","0.23381","-0.064879","-0.071007","-0.57089","-0.33694","0.18521","0.42974","0.26456","-0.64238","-0.74989","-0.10203","-0.13487","0.0099145","-0.13191","0.14888","-0.12957","0.13252","0.27124","-0.17726","-0.36632","-0.068997","0.43447","0.28166","-0.079264","-0.16397","-0.12487","0.013585","-0.0013152","0.057286","0.094282","0.19317","-0.094087","-0.18574","-0.30563","0.23856","0.56617","0.059983"]]},{"InversedSigmas":[[["4.9606","-1.3789","-0.41895","-0.44231","-0.02498","0.079027","-0.80172","-0.94762","-1.4564","-0.063263","1.0247","0.84518","-0.29516","0.35065","-0.4621","-0.060843","0.01295","-0.36969","0.2497","0.50696","0.4293","-0.81716","-0.33548","-0.70682","0.31077","-0.38172","1.5272","-0.26271","-0.34253","-0.25065","-0.30149","-0.10119","0.35744","-0.11289","-0.67467","-0.067151","0.96828","-0.17414","0.40854"],["-1.3789","5.8262","0.1504","-0.52416","0.10804","0.60872","-0.49062","1.5376","0.91462","0.11852","-0.30725","0.6057","0.27364","0.1232","0.65928","0.43188","-0.17493","-0.052302","0.78233","-0.021841","-1.2076","0.023587","0.16931","-0.63016","-0.081378","-0.094574","-0.029962","0.63401","0.076097","-0.058249","-0.45199","-0.081126","-0.53755","0.18674","-0.71482","-1.0891","0.65879","-1.1357","-0.25826"],["-0.41895","0.1504","7.4946","-0.34265","-0.15605","-0.12015","-0.39843","-0.0073408","0.74045","-0.51969","0.0055803","-0.10195","-0.18544","-1.0516","0.6625","1.3162","-1.2329","0.53214","0.039553","0.19946","0.37827","-0.63728","-0.13734","0.31887","0.036001","-0.20008","-0.14235","-1.0645","0.22838","-0.46841","-1.2957","0.20177","-0.37041","-0.36257","0.080184","1.057","0.1722","0.3152","0.68319"],["-0.44231","-0.52416","-0.34265","4.7276","0.33679","0.49042","0.71376","0.30661","1.0784","0.31848","1.1382","0.49348","-0.47663","0.15627","0.24903","-0.29705","1.0451","-0.15955","-0.57891","-0.26726","0.97631","-0.38992","-0.66391","0.62354","-0.025091","-0.19967","0.40751","0.033763","-0.56052","0.23215","0.3419","-0.54059","-0.85857","-0.87211","-0.46895","1.2722","0.74112","-0.36758","-0.21834"],["-0.02498","0.10804","-0.15605","0.33679","5.9753","-0.52453","-0.033146","0.78485","0.11506","1.3635","0.71234","-0.9878","-0.78527","0.11659","0.14971","0.3677","0.34054","1.8971","0.93292","-0.95014","0.011336","0.75287","0.16039","-0.072492","-0.06113","-0.63948","-0.034436","-0.86737","-0.47845","-0.60509","1.1757","-0.023357","-0.019647","0.57167","0.79831","-0.29517","0.80449","0.11016","0.50234"],["0.079027","0.60872","-0.12015","0.49042","-0.52453","6.6278","-1.1991","0.33097","0.17347","0.071141","1.5429","-0.35694","-0.44321","-0.59931","-0.81235","-0.27474","-0.33663","0.67778","0.29249","0.46723","0.65827","-0.53157","-0.75749","0.3039","1.529","0.77784","-1.3425","-0.47352","-0.6497","-0.92656","-0.22836","-0.41439","0.50485","0.80594","0.024028","0.020312","-0.53489","-0.041384","-0.22601"],["-0.80172","-0.49062","-0.39843","0.71376","-0.033146","-1.1991","5.6828","-0.25879","0.69881","0.76648","0.179","0.39944","-0.32629","-0.31667","-0.17107","-0.70298","-0.26021","-0.86371","0.75872","2.0682","0.9673","0.22632","-0.14487","-0.47191","-0.2448","-0.18716","-0.99987","-0.10184","0.17049","-0.71901","-0.0062601","0.48142","0.42732","-0.011852","-0.44964","-0.17671","0.066315","-0.12163","0.17217"],["-0.94762","1.5376","-0.0073408","0.30661","0.78485","0.33097","-0.25879","6.1629","-0.62526","0.14981","-0.51775","0.14569","-0.50044","0.17796","-0.63617","0.78735","0.39595","-0.31732","-1.4767","0.5377","1.5865","0.97596","0.17606","-0.066214","0.1182","0.1533","1.4173","-0.49275","0.75231","-0.064426","0.31192","-0.53962","0.46747","0.34122","-0.50832","0.29357","-0.0081263","0.17571","-0.4405"],["-1.4564","0.91462","0.74045","1.0784","0.11506","0.17347","0.69881","-0.62526","6.0858","-0.84341","0.81927","-0.41048","0.38389","0.13562","-0.61509","-0.93127","-0.68749","-0.21309","-0.62694","0.10845","-0.071376","1.5121","-0.5183","-0.32881","-0.095559","-0.3463","0.40527","1.0194","-0.41706","-0.12339","0.48103","-0.23786","-0.4993","0.34203","-0.13817","0.058624","-0.22069","0.87571","0.070263"],["-0.063263","0.11852","-0.51969","0.31848","1.3635","0.071141","0.76648","0.14981","-0.84341","5.7438","0.97358","-0.09211","0.88192","0.37341","0.068991","-0.5892","-0.38387","0.53102","0.20717","-0.28907","0.62762","0.39613","1.9339","0.079213","0.07588","-0.11568","-0.58437","0.30953","-0.24817","0.33923","-0.3844","0.59042","0.33083","0.053265","-0.50042","0.50751","0.77124","0.50948","0.22029"],["1.0247","-0.30725","0.0055803","1.1382","0.71234","1.5429","0.179","-0.51775","0.81927","0.97358","5.2","-1.4761","0.23723","0.45934","-0.1499","0.35193","0.40544","-1.0763","0.025421","0.6533","-0.22194","-0.050625","0.56051","0.89183","-0.25172","0.65708","0.10962","-0.18867","0.012992","0.6118","-0.8303","-0.33588","-0.060236","0.27383","-0.72651","-0.0080746","0.40893","-0.077286","-0.34975"],["0.84518","0.6057","-0.10195","0.49348","-0.9878","-0.35694","0.39944","0.14569","-0.41048","-0.09211","-1.4761","7.3738","0.64955","0.10609","-0.24885","-0.0053439","0.4801","0.40196","-0.022278","0.38626","0.32267","0.55372","0.14827","0.72193","1.6983","-0.14139","-0.81459","-0.75298","-0.18657","0.16265","0.27112","0.0070329","0.22078","0.59257","-0.44027","0.14304","0.99572","-0.18902","0.62193"],["-0.29516","0.27364","-0.18544","-0.47663","-0.78527","-0.44321","-0.32629","-0.50044","0.38389","0.88192","0.23723","0.64955","5.8271","0.66077","-0.51628","-0.53164","-0.49734","0.14444","-0.17297","-1.3707","0.90836","0.61342","0.41245","0.31871","-0.80218","2.244","0.50228","0.28482","0.20951","-0.29784","-0.47711","1.1799","0.29672","-0.15384","-0.62108","-0.31896","-0.74354","-0.062068","0.92228"],["0.35065","0.1232","-1.0516","0.15627","0.11659","-0.59931","-0.31667","0.17796","0.13562","0.37341","0.45934","0.10609","0.66077","6.9028","1.5092","-0.075419","-1.6307","-0.15192","-1.4113","0.055217","-0.62523","0.36583","-0.80415","-1.0249","0.013342","0.71402","-0.80296","-1.5087","0.015353","-0.73126","-0.89332","-1.1089","0.12651","-0.55844","0.20419","0.07654","0.25759","0.2961","-0.48907"],["-0.4621","0.65928","0.6625","0.24903","0.14971","-0.81235","-0.17107","-0.63617","-0.61509","0.068991","-0.1499","-0.24885","-0.51628","1.5092","6.3002","-0.018149","0.79445","1.5517","0.80102","0.66597","0.83494","-0.11069","0.12747","0.15856","-0.17157","0.39806","-0.43254","0.43481","-0.33269","0.55806","-0.59669","-0.59669","-1.0247","0.18077","-1.0137","0.61528","0.076466","0.068576","0.026389"],["-0.060843","0.43188","1.3162","-0.29705","0.3677","-0.27474","-0.70298","0.78735","-0.93127","-0.5892","0.35193","-0.0053439","-0.53164","-0.075419","-0.018149","3.0725","0.99989","-0.61351","0.36798","-0.25064","-0.73307","0.79826","0.077229","1.1436","-0.11973","0.37211","-0.8019","-1.0189","0.14186","-0.016769","-0.38046","-0.037738","-0.30376","-1.1984","-0.37059","-0.0068354","0.085152","-0.58158","-0.60747"],["0.01295","-0.17493","-1.2329","1.0451","0.34054","-0.33663","-0.26021","0.39595","-0.68749","-0.38387","0.40544","0.4801","-0.49734","-1.6307","0.79445","0.99989","5.6824","-0.026285","0.47052","-0.21915","-0.63743","0.94168","-0.68005","-0.087769","0.27194","0.78139","0.66948","0.38164","0.43787","-0.25367","-0.76677","0.17366","-1.1989","-0.0058833","-0.46915","-0.50022","0.44627","1.6314","-0.11436"],["-0.36969","-0.052302","0.53214","-0.15955","1.8971","0.67778","-0.86371","-0.31732","-0.21309","0.53102","-1.0763","0.40196","0.14444","-0.15192","1.5517","-0.61351","-0.026285","5.5296","-0.94095","0.76433","0.21558","-0.17428","0.88669","-0.18041","0.23461","-0.0071441","0.18693","0.44119","-0.04193","-0.25438","0.68217","-0.42733","0.14996","-0.23743","1.1383","-0.53297","-0.33933","0.0021563","0.84524"],["0.2497","0.78233","0.039553","-0.57891","0.93292","0.29249","0.75872","-1.4767","-0.62694","0.20717","0.025421","-0.022278","-0.17297","-1.4113","0.80102","0.36798","0.47052","-0.94095","5.107","-0.62728","0.28516","1.0399","-0.17499","-0.10434","0.31575","-0.45313","-0.5787","-1.1813","0.31839","-0.5184","0.18228","0.13252","0.13326","-0.41846","-0.51279","-0.50201","-0.5859","-0.37334","-0.99327"],["0.50696","-0.021841","0.19946","-0.26726","-0.95014","0.46723","2.0682","0.5377","0.10845","-0.28907","0.6533","0.38626","-1.3707","0.055217","0.66597","-0.25064","-0.21915","0.76433","-0.62728","5.8148","-0.6173","-0.0093601","0.43222","0.12312","-0.37078","-0.17161","0.069411","0.03212","0.35348","1.4312","-0.20289","-0.54498","1.1024","0.78042","0.32646","-0.59721","0.44055","-0.18532","-0.54726"],["0.4293","-1.2076","0.37827","0.97631","0.011336","0.65827","0.9673","1.5865","-0.071376","0.62762","-0.22194","0.32267","0.90836","-0.62523","0.83494","-0.73307","-0.63743","0.21558","0.28516","-0.6173","6.7266","-0.47802","-0.43209","-0.054303","0.13675","-0.58737","0.71555","-0.51825","0.75139","-0.22456","-0.49812","0.60546","-1.1217","0.13065","-0.19028","-0.23926","-0.62602","-0.17102","-0.26201"],["-0.81716","0.023587","-0.63728","-0.38992","0.75287","-0.53157","0.22632","0.97596","1.5121","0.39613","-0.050625","0.55372","0.61342","0.36583","-0.11069","0.79826","0.94168","-0.17428","1.0399","-0.0093601","-0.47802","4.9293","-0.38955","0.47937","-0.058576","0.56922","-0.56541","-0.71178","0.55841","0.44312","0.69246","0.4945","1.1755","-0.6388","-0.18477","0.13332","-0.24262","0.70552","-0.42558"],["-0.33548","0.16931","-0.13734","-0.66391","0.16039","-0.75749","-0.14487","0.17606","-0.5183","1.9339","0.56051","0.14827","0.41245","-0.80415","0.12747","0.077229","-0.68005","0.88669","-0.17499","0.43222","-0.43209","-0.38955","4.4843","0.25807","0.63919","-0.35591","0.19303","0.19979","-0.10359","1.6327","-0.21171","-0.078272","-0.071616","-0.22935","-0.28556","-0.16163","-2.0155","-0.51297","-1.0075"],["-0.70682","-0.63016","0.31887","0.62354","-0.072492","0.3039","-0.47191","-0.066214","-0.32881","0.079213","0.89183","0.72193","0.31871","-1.0249","0.15856","1.1436","-0.087769","-0.18041","-0.10434","0.12312","-0.054303","0.47937","0.25807","5.5524","-1.3696","1.2458","-0.19176","-0.17759","-0.74175","0.49481","0.47336","0.32683","0.61142","-0.30056","1.3759","0.91096","0.79735","-0.59559","-0.5552"],["0.31077","-0.081378","0.036001","-0.025091","-0.06113","1.529","-0.2448","0.1182","-0.095559","0.07588","-0.25172","1.6983","-0.80218","0.013342","-0.17157","-0.11973","0.27194","0.23461","0.31575","-0.37078","0.13675","-0.058576","0.63919","-1.3696","4.1764","-0.0033487","-0.64082","0.11074","0.17617","0.11636","-0.29674","-0.72852","0.29","-0.25178","-0.52093","1.4662","-1.0054","1.2169","-0.54074"],["-0.38172","-0.094574","-0.20008","-0.19967","-0.63948","0.77784","-0.18716","0.1533","-0.3463","-0.11568","0.65708","-0.14139","2.244","0.71402","0.39806","0.37211","0.78139","-0.0071441","-0.45313","-0.17161","-0.58737","0.56922","-0.35591","1.2458","-0.0033487","3.8416","-0.060127","0.072784","0.35848","-0.0052519","-0.88906","-0.48277","-0.28143","-0.025405","-0.060027","0.54245","0.44399","0.096887","0.23247"],["1.5272","-0.029962","-0.14235","0.40751","-0.034436","-1.3425","-0.99987","1.4173","0.40527","-0.58437","0.10962","-0.81459","0.50228","-0.80296","-0.43254","-0.8019","0.66948","0.18693","-0.5787","0.069411","0.71555","-0.56541","0.19303","-0.19176","-0.64082","-0.060127","5.3308","0.72369","0.44729","-0.2573","0.094963","-1.2561","0.53229","-1.1989","0.15893","-0.060884","-0.16187","0.11819","0.022812"],["-0.26271","0.63401","-1.0645","0.033763","-0.86737","-0.47352","-0.10184","-0.49275","1.0194","0.30953","-0.18867","-0.75298","0.28482","-1.5087","0.43481","-1.0189","0.38164","0.44119","-1.1813","0.03212","-0.51825","-0.71178","0.19979","-0.17759","0.11074","0.072784","0.72369","3.7767","-0.1223","0.63864","0.47491","0.67875","-0.56897","0.65179","-0.91267","0.87754","0.69097","0.13809","0.38979"],["-0.34253","0.076097","0.22838","-0.56052","-0.47845","-0.6497","0.17049","0.75231","-0.41706","-0.24817","0.012992","-0.18657","0.20951","0.015353","-0.33269","0.14186","0.43787","-0.04193","0.31839","0.35348","0.75139","0.55841","-0.10359","-0.74175","0.17617","0.35848","0.44729","-0.1223","3.0536","0.74272","-0.37964","-0.22061","-0.28826","-0.78857","0.67855","-0.20598","0.48866","0.16397","-0.69353"],["-0.25065","-0.058249","-0.46841","0.23215","-0.60509","-0.92656","-0.71901","-0.064426","-0.12339","0.33923","0.6118","0.16265","-0.29784","-0.73126","0.55806","-0.016769","-0.25367","-0.25438","-0.5184","1.4312","-0.22456","0.44312","1.6327","0.49481","0.11636","-0.0052519","-0.2573","0.63864","0.74272","5.0155","-0.8466","0.48862","-0.23764","-0.33651","0.51203","0.69889","0.095812","-0.085971","-0.6676"],["-0.30149","-0.45199","-1.2957","0.3419","1.1757","-0.22836","-0.0062601","0.31192","0.48103","-0.3844","-0.8303","0.27112","-0.47711","-0.89332","-0.59669","-0.38046","-0.76677","0.68217","0.18228","-0.20289","-0.49812","0.69246","-0.21171","0.47336","-0.29674","-0.88906","0.094963","0.47491","-0.37964","-0.8466","3.836","-1.0844","1.2233","-0.30192","-0.97528","0.8456","0.1056","-0.9995","0.45529"],["-0.10119","-0.081126","0.20177","-0.54059","-0.023357","-0.41439","0.48142","-0.53962","-0.23786","0.59042","-0.33588","0.0070329","1.1799","-1.1089","-0.59669","-0.037738","0.17366","-0.42733","0.13252","-0.54498","0.60546","0.4945","-0.078272","0.32683","-0.72852","-0.48277","-1.2561","0.67875","-0.22061","0.48862","-1.0844","4.0631","-0.28197","0.70895","0.84349","-0.37657","0.074492","0.30189","0.29813"],["0.35744","-0.53755","-0.37041","-0.85857","-0.019647","0.50485","0.42732","0.46747","-0.4993","0.33083","-0.060236","0.22078","0.29672","0.12651","-1.0247","-0.30376","-1.1989","0.14996","0.13326","1.1024","-1.1217","1.1755","-0.071616","0.61142","0.29","-0.28143","0.53229","-0.56897","-0.28826","-0.23764","1.2233","-0.28197","4.1189","-0.75349","0.73864","0.88673","-0.73462","0.91751","0.54573"],["-0.11289","0.18674","-0.36257","-0.87211","0.57167","0.80594","-0.011852","0.34122","0.34203","0.053265","0.27383","0.59257","-0.15384","-0.55844","0.18077","-1.1984","-0.0058833","-0.23743","-0.41846","0.78042","0.13065","-0.6388","-0.22935","-0.30056","-0.25178","-0.025405","-1.1989","0.65179","-0.78857","-0.33651","-0.30192","0.70895","-0.75349","5.3534","-0.016108","-0.98638","0.86878","1.412","0.056184"],["-0.67467","-0.71482","0.080184","-0.46895","0.79831","0.024028","-0.44964","-0.50832","-0.13817","-0.50042","-0.72651","-0.44027","-0.62108","0.20419","-1.0137","-0.37059","-0.46915","1.1383","-0.51279","0.32646","-0.19028","-0.18477","-0.28556","1.3759","-0.52093","-0.060027","0.15893","-0.91267","0.67855","0.51203","-0.97528","0.84349","0.73864","-0.016108","5.2434","-0.77566","0.77122","1.3044","-0.17759"],["-0.067151","-1.0891","1.057","1.2722","-0.29517","0.020312","-0.17671","0.29357","0.058624","0.50751","-0.0080746","0.14304","-0.31896","0.07654","0.61528","-0.0068354","-0.50022","-0.53297","-0.50201","-0.59721","-0.23926","0.13332","-0.16163","0.91096","1.4662","0.54245","-0.060884","0.87754","-0.20598","0.69889","0.8456","-0.37657","0.88673","-0.98638","-0.77566","4.3253","0.34027","1.1202","0.057235"],["0.96828","0.65879","0.1722","0.74112","0.80449","-0.53489","0.066315","-0.0081263","-0.22069","0.77124","0.40893","0.99572","-0.74354","0.25759","0.076466","0.085152","0.44627","-0.33933","-0.5859","0.44055","-0.62602","-0.24262","-2.0155","0.79735","-1.0054","0.44399","-0.16187","0.69097","0.48866","0.095812","0.1056","0.074492","-0.73462","0.86878","0.77122","0.34027","5.2112","-0.84801","1.1717"],["-0.17414","-1.1357","0.3152","-0.36758","0.11016","-0.041384","-0.12163","0.17571","0.87571","0.50948","-0.077286","-0.18902","-0.062068","0.2961","0.068576","-0.58158","1.6314","0.0021563","-0.37334","-0.18532","-0.17102","0.70552","-0.51297","-0.59559","1.2169","0.096887","0.11819","0.13809","0.16397","-0.085971","-0.9995","0.30189","0.91751","1.412","1.3044","1.1202","-0.84801","5.6498","-0.42637"],["0.40854","-0.25826","0.68319","-0.21834","0.50234","-0.22601","0.17217","-0.4405","0.070263","0.22029","-0.34975","0.62193","0.92228","-0.48907","0.026389","-0.60747","-0.11436","0.84524","-0.99327","-0.54726","-0.26201","-0.42558","-1.0075","-0.5552","-0.54074","0.23247","0.022812","0.38979","-0.69353","-0.6676","0.45529","0.29813","0.54573","0.056184","-0.17759","0.057235","1.1717","-0.42637","3.5897"]],[["6.3276","-1.106","-0.34043","-0.015802","-0.35439","-0.90342","-0.75408","-0.66662","-0.96048","-0.13552","0.7822","0.52301","-0.98053","1.5286","-0.31874","-0.13228","0.35853","0.31256","0.34285","0.25274","-0.55042","0.00058998","0.71746","0.19708","-0.2979","-1.45","0.76875","-0.99825","-0.57974","-0.49744","-0.075769","0.9506","0.54679","-0.79764","0.28522","-0.11644","0.42632","-0.65767","1.8609"],["-1.106","6.9591","0.035961","0.44984","-0.05353","1.1763","0.3828","0.63402","-0.25855","0.080935","1.3302","0.5914","-0.41886","0.099795","2.1525","0.30318","-0.30106","0.042138","-0.57136","-0.079032","-0.93267","0.6641","-0.028902","-0.52304","-0.20801","-0.024548","0.045951","-0.82635","1.0575","-0.48146","0.86442","0.69259","0.17851","-0.82326","0.36848","-0.22407","-0.58653","0.17802","0.96062"],["-0.34043","0.035961","7.312","0.62014","0.63466","-0.35745","-0.33701","-0.17679","1.1487","-0.31294","0.67451","-0.48962","-0.76233","-0.43263","-1.3924","1.2121","-1.5438","-1.1205","-0.53197","-0.51921","-0.46706","-1.38","0.010019","-0.64588","-0.02646","0.012017","0.46823","-0.1878","0.0022365","0.76292","0.19345","0.74877","-0.42025","-0.056312","-0.11722","0.64419","-1.0604","-0.30917","0.18053"],["-0.015802","0.44984","0.62014","8.1556","0.026681","0.46217","0.76798","0.16266","-0.90355","-0.73774","0.11653","0.43648","1.0118","-0.4269","-0.96992","-0.021491","1.4138","-0.47966","0.14887","0.08555","-0.31475","-0.47013","-0.56192","-0.44283","-0.43013","-0.94497","-1.0688","-0.022031","-0.68568","-0.56491","-0.40319","-0.96215","0.35527","0.28382","0.46507","0.094496","-0.11213","0.31054","0.86026"],["-0.35439","-0.05353","0.63466","0.026681","7.4973","0.34634","0.75542","-0.19449","0.14258","0.50072","0.30545","0.26172","0.1629","0.4041","-0.63633","0.35547","0.80285","2.2571","-0.10973","0.082486","0.90651","-0.29532","1.0004","1.2855","0.92854","-0.48887","-0.24994","0.52381","-0.17557","-0.47322","0.75165","0.63267","-0.006805","0.012004","0.22585","0.10502","-0.59691","-1.2274","-0.23041"],["-0.90342","1.1763","-0.35745","0.46217","0.34634","7.8963","-1.6052","-0.23522","0.26781","-0.45387","-0.70014","-0.15653","-0.51895","0.48235","-1.1698","-0.81809","-0.48298","0.27156","1.2303","0.12367","-0.39938","0.048837","0.94946","0.487","-0.10509","-0.033511","0.26114","0.097812","-0.11862","-0.36163","-0.6263","-0.33544","-0.75908","-0.45169","0.14976","-0.42021","0.57398","-0.2653","-0.44686"],["-0.75408","0.3828","-0.33701","0.76798","0.75542","-1.6052","7.9977","-0.23839","0.24381","-0.38624","-0.65197","-0.67066","-0.59561","0.38561","-0.057865","-0.082199","-0.74881","-0.10082","0.40055","0.84843","-0.015428","0.4711","0.15142","-0.087446","0.18557","0.40946","-0.055236","-0.55338","-0.18311","-0.97767","-0.51631","-0.082127","-0.86291","-0.73022","-0.17255","-0.26073","0.95826","0.001783","-0.49957"],["-0.66662","0.63402","-0.17679","0.16266","-0.19449","-0.23522","-0.23839","8.2901","-0.25023","0.50454","-0.066987","-0.054484","-0.28709","0.8166","-0.85018","0.04689","0.29739","-0.21319","-0.0048649","0.29005","1.415","-0.3731","0.41593","-0.266","0.093548","0.58966","0.78788","-0.64602","-1.2322","0.12357","-0.50546","1.1715","-0.035229","0.93679","-0.77984","0.12496","0.061098","0.17383","0.86212"],["-0.96048","-0.25855","1.1487","-0.90355","0.14258","0.26781","0.24381","-0.25023","7.948","-0.088166","0.13701","0.48239","0.42426","-0.022049","0.43165","-1.0658","0.31043","-0.66156","-0.53288","0.27676","0.038947","1.2698","-0.16283","0.14914","0.33912","-0.92656","-0.087014","0.48978","-0.8194","-0.63721","-0.27404","0.083117","-0.22082","0.093978","-0.43727","-0.33894","0.66491","0.1428","1.7902"],["-0.13552","0.080935","-0.31294","-0.73774","0.50072","-0.45387","-0.38624","0.50454","-0.088166","7.968","0.956","-0.16652","0.33125","-1.0033","-0.89697","-0.56474","0.32717","-1.1062","-0.020874","-0.58088","-0.31895","-0.42461","0.286","-0.69854","-0.21625","-0.48468","-0.24037","0.31223","0.18801","-0.88277","0.072589","-1.0495","0.10131","-0.11558","0.14595","-0.93464","0.82005","-0.31094","-0.21063"],["0.7822","1.3302","0.67451","0.11653","0.30545","-0.70014","-0.65197","-0.066987","0.13701","0.956","7.8315","-0.25234","0.40837","0.53776","-0.13363","0.24474","-0.31195","0.40078","0.69285","1.1639","0.13082","0.65104","-0.91148","0.93633","-0.060563","0.015471","0.039902","-0.38258","0.080353","-0.2681","-1.6451","-0.34365","-0.41535","-0.31914","0.22176","0.53767","0.035464","0.513","-0.82004"],["0.52301","0.5914","-0.48962","0.43648","0.26172","-0.15653","-0.67066","-0.054484","0.48239","-0.16652","-0.25234","8.1868","-0.16168","0.13641","-0.29004","0.29509","0.0598","-1.1501","-0.60228","0.90304","0.75263","-0.53254","-0.87496","0.80607","1.0239","0.3679","-0.54556","-0.25423","0.50163","-0.029272","0.93315","-0.014443","0.16414","-0.69954","-1.0741","0.59866","0.73321","-0.31705","-0.55374"],["-0.98053","-0.41886","-0.76233","1.0118","0.1629","-0.51895","-0.59561","-0.28709","0.42426","0.33125","0.40837","-0.16168","8.426","0.54421","0.14713","0.20402","-0.57904","0.16778","0.07938","-0.081404","0.080766","-0.40566","0.63807","-0.4372","0.40615","0.79572","0.63503","-0.082885","0.070096","-0.050741","0.97831","1.0244","0.72891","-0.49518","0.5689","-0.63383","0.60918","0.24348","-0.11398"],["1.5286","0.099795","-0.43263","-0.4269","0.4041","0.48235","0.38561","0.8166","-0.022049","-1.0033","0.53776","0.13641","0.54421","6.1805","-0.4045","-0.98516","-1.0309","0.31161","-2.0634","-1.2619","-1.0745","-0.57574","0.3604","-0.65395","0.48848","0.075289","-0.60509","-0.79082","0.38977","-1.3084","-0.5539","-0.020119","-0.76495","0.7513","-0.48911","-0.27553","0.30077","-0.11434","-0.80787"],["-0.31874","2.1525","-1.3924","-0.96992","-0.63633","-1.1698","-0.057865","-0.85018","0.43165","-0.89697","-0.13363","-0.29004","0.14713","-0.4045","5.5267","-0.035412","0.29588","-0.82416","0.72486","-0.041188","0.32619","-2.2528","0.78034","0.72774","0.53615","-0.45628","-0.063486","0.015813","-0.28321","-0.90274","-0.54695","0.33536","-0.30008","0.085229","0.42478","-0.007872","-0.91836","-0.22633","0.46971"],["-0.13228","0.30318","1.2121","-0.021491","0.35547","-0.81809","-0.082199","0.04689","-1.0658","-0.56474","0.24474","0.29509","0.20402","-0.98516","-0.035412","5.6557","0.25021","-0.61843","0.86414","-1.2694","-1.1935","0.48486","1.5616","1.4","-0.32135","0.44644","0.48087","-0.19286","0.81547","0.16861","0.4261","0.044753","-0.60029","-0.23186","-1.2504","-0.62419","1.2375","-0.36531","0.27058"],["0.35853","-0.30106","-1.5438","1.4138","0.80285","-0.48298","-0.74881","0.29739","0.31043","0.32717","-0.31195","0.0598","-0.57904","-1.0309","0.29588","0.25021","6.5566","-0.71931","-0.91456","-0.29972","-0.53854","1.1723","0.013372","-0.12688","0.4027","0.20432","1.3102","0.88916","0.064701","-0.01327","-0.76721","1.1271","-1.8043","-0.49517","-0.072104","-0.0029922","-0.46549","-0.28511","-0.32409"],["0.31256","0.042138","-1.1205","-0.47966","2.2571","0.27156","-0.10082","-0.21319","-0.66156","-1.1062","0.40078","-1.1501","0.16778","0.31161","-0.82416","-0.61843","-0.71931","4.6155","0.20332","0.38283","0.16536","-0.0026088","-1.6354","-0.27263","-0.17296","0.29159","0.77427","0.70538","0.52014","0.50498","0.41437","0.02705","0.10675","-0.97193","-0.71691","-0.07227","0.29858","0.88792","1.5028"],["0.34285","-0.57136","-0.53197","0.14887","-0.10973","1.2303","0.40055","-0.0048649","-0.53288","-0.020874","0.69285","-0.60228","0.07938","-2.0634","0.72486","0.86414","-0.91456","0.20332","6.5061","-0.17568","0.69463","0.093528","-0.6257","-0.30389","1.4969","-0.80673","0.12198","-0.64011","-0.051318","-0.68601","-0.32607","0.80621","0.2171","1.064","-1.4131","0.2188","0.46777","-0.44709","0.31594"],["0.25274","-0.079032","-0.51921","0.08555","0.082486","0.12367","0.84843","0.29005","0.27676","-0.58088","1.1639","0.90304","-0.081404","-1.2619","-0.041188","-1.2694","-0.29972","0.38283","-0.17568","7.712","-0.83323","-0.51114","1.305","-0.55162","-0.89105","-0.16342","1.0451","0.43918","0.17961","1.4326","0.10963","-0.12537","0.3705","1.1831","-0.24575","-0.47791","-0.0075876","-0.57746","-0.37335"],["-0.55042","-0.93267","-0.46706","-0.31475","0.90651","-0.39938","-0.015428","1.415","0.038947","-0.31895","0.13082","0.75263","0.080766","-1.0745","0.32619","-1.1935","-0.53854","0.16536","0.69463","-0.83323","6.7606","-0.20994","0.1892","0.16061","-1.1987","-0.65459","-0.84286","-0.99471","1.1115","0.24509","-0.081607","-0.6706","-0.71409","-1.0351","0.57058","0.61605","-0.79896","0.028787","0.23804"],["0.00058998","0.6641","-1.38","-0.47013","-0.29532","0.048837","0.4711","-0.3731","1.2698","-0.42461","0.65104","-0.53254","-0.40566","-0.57574","-2.2528","0.48486","1.1723","-0.0026088","0.093528","-0.51114","-0.20994","6.9597","0.30229","-0.27217","-0.14018","0.41157","-0.54104","-1.6393","0.31789","0.1135","0.71337","0.35396","1.2438","0.23752","0.23079","0.53452","-0.47319","0.028218","-0.35223"],["0.71746","-0.028902","0.010019","-0.56192","1.0004","0.94946","0.15142","0.41593","-0.16283","0.286","-0.91148","-0.87496","0.63807","0.3604","0.78034","1.5616","0.013372","-1.6354","-0.6257","1.305","0.1892","0.30229","7.2925","-0.22408","-0.33729","-0.57922","-0.28789","-0.51174","-0.19791","0.15109","-0.61135","-0.44097","0.67745","-0.79827","0.02718","1.1598","0.38496","0.3522","-0.17191"],["0.19708","-0.52304","-0.64588","-0.44283","1.2855","0.487","-0.087446","-0.266","0.14914","-0.69854","0.93633","0.80607","-0.4372","-0.65395","0.72774","1.4","-0.12688","-0.27263","-0.30389","-0.55162","0.16061","-0.27217","-0.22408","6.2473","-1.2114","1.13","-0.26469","-0.045822","-2.1448","-0.17936","-0.089954","-0.16734","0.30558","1.0029","1.0916","-0.6811","0.60277","0.99616","-0.17657"],["-0.2979","-0.20801","-0.02646","-0.43013","0.92854","-0.10509","0.18557","0.093548","0.33912","-0.21625","-0.060563","1.0239","0.40615","0.48848","0.53615","-0.32135","0.4027","-0.17296","1.4969","-0.89105","-1.1987","-0.14018","-0.33729","-1.2114","7.2123","-0.14819","0.81644","-0.93164","-0.87145","1.4753","-1.094","-0.58991","0.36412","0.084289","0.56334","0.63719","0.1684","-0.166","-0.53498"],["-1.45","-0.024548","0.012017","-0.94497","-0.48887","-0.033511","0.40946","0.58966","-0.92656","-0.48468","0.015471","0.3679","0.79572","0.075289","-0.45628","0.44644","0.20432","0.29159","-0.80673","-0.16342","-0.65459","0.41157","-0.57922","1.13","-0.14819","6.7605","0.56505","0.16765","0.2901","0.19578","-1.4513","-0.80959","0.58184","0.081848","-0.12542","0.4403","-0.21016","-1.1615","0.92187"],["0.76875","0.045951","0.46823","-1.0688","-0.24994","0.26114","-0.055236","0.78788","-0.087014","-0.24037","0.039902","-0.54556","0.63503","-0.60509","-0.063486","0.48087","1.3102","0.77427","0.12198","1.0451","-0.84286","-0.54104","-0.28789","-0.26469","0.81644","0.56505","5.9831","0.09239","-0.37821","-0.97455","1.7968","-1.3399","-1.3918","-0.49967","0.081833","0.85956","-0.93219","0.47444","0.3888"],["-0.99825","-0.82635","-0.1878","-0.022031","0.52381","0.097812","-0.55338","-0.64602","0.48978","0.31223","-0.38258","-0.25423","-0.082885","-0.79082","0.015813","-0.19286","0.88916","0.70538","-0.64011","0.43918","-0.99471","-1.6393","-0.51174","-0.045822","-0.93164","0.16765","0.09239","4.8282","0.87398","-1.2098","-1.6998","1.0234","0.90075","-0.041768","-0.69146","1.1086","0.28232","0.47376","-0.055651"],["-0.57974","1.0575","0.0022365","-0.68568","-0.17557","-0.11862","-0.18311","-1.2322","-0.8194","0.18801","0.080353","0.50163","0.070096","0.38977","-0.28321","0.81547","0.064701","0.52014","-0.051318","0.17961","1.1115","0.31789","-0.19791","-2.1448","-0.87145","0.2901","-0.37821","0.87398","5.3267","0.38537","0.061081","0.6463","-0.93434","0.55363","0.083957","0.84942","1.2272","-0.95762","0.1026"],["-0.49744","-0.48146","0.76292","-0.56491","-0.47322","-0.36163","-0.97767","0.12357","-0.63721","-0.88277","-0.2681","-0.029272","-0.050741","-1.3084","-0.90274","0.16861","-0.01327","0.50498","-0.68601","1.4326","0.24509","0.1135","0.15109","-0.17936","1.4753","0.19578","-0.97455","-1.2098","0.38537","5.5486","-0.73097","0.49692","-0.42076","-1.0793","1.2609","-1.4371","0.74043","0.7776","0.028101"],["-0.075769","0.86442","0.19345","-0.40319","0.75165","-0.6263","-0.51631","-0.50546","-0.27404","0.072589","-1.6451","0.93315","0.97831","-0.5539","-0.54695","0.4261","-0.76721","0.41437","-0.32607","0.10963","-0.081607","0.71337","-0.61135","-0.089954","-1.094","-1.4513","1.7968","-1.6998","0.061081","-0.73097","5.5034","-0.29892","-0.16606","1.3126","0.017519","-0.042923","-0.28837","0.53131","-0.080757"],["0.9506","0.69259","0.74877","-0.96215","0.63267","-0.33544","-0.082127","1.1715","0.083117","-1.0495","-0.34365","-0.014443","1.0244","-0.020119","0.33536","0.044753","1.1271","0.02705","0.80621","-0.12537","-0.6706","0.35396","-0.44097","-0.16734","-0.58991","-0.80959","-1.3399","1.0234","0.6463","0.49692","-0.29892","7.2065","0.12042","0.4215","0.26099","-0.28913","-0.055725","0.33154","-0.57926"],["0.54679","0.17851","-0.42025","0.35527","-0.006805","-0.75908","-0.86291","-0.035229","-0.22082","0.10131","-0.41535","0.16414","0.72891","-0.76495","-0.30008","-0.60029","-1.8043","0.10675","0.2171","0.3705","-0.71409","1.2438","0.67745","0.30558","0.36412","0.58184","-1.3918","0.90075","-0.93434","-0.42076","-0.16606","0.12042","5.9856","-0.24223","-0.91907","0.89717","-1.6161","-0.4699","0.61311"],["-0.79764","-0.82326","-0.056312","0.28382","0.012004","-0.45169","-0.73022","0.93679","0.093978","-0.11558","-0.31914","-0.69954","-0.49518","0.7513","0.085229","-0.23186","-0.49517","-0.97193","1.064","1.1831","-1.0351","0.23752","-0.79827","1.0029","0.084289","0.081848","-0.49967","-0.041768","0.55363","-1.0793","1.3126","0.4215","-0.24223","6.8237","1.1179","0.37682","0.68975","-0.5394","-0.4923"],["0.28522","0.36848","-0.11722","0.46507","0.22585","0.14976","-0.17255","-0.77984","-0.43727","0.14595","0.22176","-1.0741","0.5689","-0.48911","0.42478","-1.2504","-0.072104","-0.71691","-1.4131","-0.24575","0.57058","0.23079","0.02718","1.0916","0.56334","-0.12542","0.081833","-0.69146","0.083957","1.2609","0.017519","0.26099","-0.91907","1.1179","6.8331","1.1393","0.13449","-0.82336","0.73951"],["-0.11644","-0.22407","0.64419","0.094496","0.10502","-0.42021","-0.26073","0.12496","-0.33894","-0.93464","0.53767","0.59866","-0.63383","-0.27553","-0.007872","-0.62419","-0.0029922","-0.07227","0.2188","-0.47791","0.61605","0.53452","1.1598","-0.6811","0.63719","0.4403","0.85956","1.1086","0.84942","-1.4371","-0.042923","-0.28913","0.89717","0.37682","1.1393","7.3784","0.89778","0.98324","-0.12019"],["0.42632","-0.58653","-1.0604","-0.11213","-0.59691","0.57398","0.95826","0.061098","0.66491","0.82005","0.035464","0.73321","0.60918","0.30077","-0.91836","1.2375","-0.46549","0.29858","0.46777","-0.0075876","-0.79896","-0.47319","0.38496","0.60277","0.1684","-0.21016","-0.93219","0.28232","1.2272","0.74043","-0.28837","-0.055725","-1.6161","0.68975","0.13449","0.89778","5.8883","0.75535","1.6436"],["-0.65767","0.17802","-0.30917","0.31054","-1.2274","-0.2653","0.001783","0.17383","0.1428","-0.31094","0.513","-0.31705","0.24348","-0.11434","-0.22633","-0.36531","-0.28511","0.88792","-0.44709","-0.57746","0.028787","0.028218","0.3522","0.99616","-0.166","-1.1615","0.47444","0.47376","-0.95762","0.7776","0.53131","0.33154","-0.4699","-0.5394","-0.82336","0.98324","0.75535","7.4331","-0.8714"],["1.8609","0.96062","0.18053","0.86026","-0.23041","-0.44686","-0.49957","0.86212","1.7902","-0.21063","-0.82004","-0.55374","-0.11398","-0.80787","0.46971","0.27058","-0.32409","1.5028","0.31594","-0.37335","0.23804","-0.35223","-0.17191","-0.17657","-0.53498","0.92187","0.3888","-0.055651","0.1026","0.028101","-0.080757","-0.57926","0.61311","-0.4923","0.73951","-0.12019","1.6436","-0.8714","6.1728"]],[["6.9128","-0.83865","-1.0042","-0.31771","-0.11594","-0.14973","-0.6111","-1.4131","-0.45593","-0.31243","0.13439","0.39705","-0.82715","2.0913","0.68711","0.67147","-0.24963","-0.1249","0.38699","0.064302","-0.86236","0.33991","0.933","0.26371","0.42044","0.11414","-0.26776","-0.50355","0.27272","-0.18122","0.82426","0.11505","-0.23369","-0.067599","0.15496","-0.055529","-0.38441","0.3355","0.82613"],["-0.83865","6.8957","-1.1178","-0.16897","-0.21872","1.1565","0.14333","-0.46869","0.68981","1.5157","1.002","0.88049","-0.13157","-0.11355","0.41944","-0.26926","-1.1369","-0.20726","-0.38585","0.36936","0.080073","0.067942","1.0471","0.46645","0.55993","0.051968","-0.061683","0.11147","-0.0062814","0.025926","-0.077191","0.90349","0.32787","-0.66968","-0.38412","0.57272","0.29017","0.83307","0.0258"],["-1.0042","-1.1178","7.4449","-1.1794","0.76788","0.66378","-0.019099","-0.74692","0.33135","1.133","0.4432","-0.43207","-0.31807","0.99482","-0.31653","0.92465","0.23996","-0.25753","-0.037558","-0.4383","0.10218","0.1168","-0.10037","0.4484","-0.22033","-0.2888","-0.30725","0.51788","-0.13961","-0.12214","-0.51402","-0.17423","0.45196","0.084628","-0.25293","0.71853","0.60099","0.75047","0.066086"],["-0.31771","-0.16897","-1.1794","4.8662","-0.082568","-0.39697","0.3854","-0.20231","0.21783","0.38342","0.31952","0.0033139","0.86795","-0.0093179","0.42299","0.24416","2.117","-0.24445","-1.0868","0.35806","0.037278","-0.22152","-0.10942","0.11524","0.72329","-0.4219","-0.42724","-0.098562","0.42168","0.3811","0.12787","0.85281","-0.69656","-0.13184","0.24552","0.3162","0.45997","0.10354","-0.12268"],["-0.11594","-0.21872","0.76788","-0.082568","5.9522","0.12848","1.5373","1.5356","0.82412","0.27213","-0.42149","0.14038","1.0113","1.0509","0.22222","-0.56211","-0.12449","0.96321","-0.20559","-0.37408","-0.38028","0.82106","0.28003","-0.11821","1.1111","1.1468","-0.16391","-0.3719","-0.90277","0.45229","0.16224","-0.12971","-0.29957","0.26108","-0.12064","0.07152","0.38002","-0.12517","0.27862"],["-0.14973","1.1565","0.66378","-0.39697","0.12848","5.8043","-0.012288","0.39432","0.72174","-0.1947","-0.22055","-0.98627","-0.76252","0.85449","0.23913","-0.36851","0.1576","-0.073256","2.3118","0.40785","-0.55843","-0.29486","0.055289","-0.26425","0.6925","0.41698","-0.77702","0.36411","-0.0019129","0.39808","-0.14861","0.28289","-0.52747","-0.1546","0.075994","-0.15437","-0.49474","-0.22839","-0.24627"],["-0.6111","0.14333","-0.019099","0.3854","1.5373","-0.012288","4.9063","-1.0217","-0.092185","-0.44068","-0.49254","0.51082","-0.32504","0.69291","0.24238","-0.93333","-0.27803","0.36649","0.037938","1.7912","-0.51005","0.049727","0.22768","-0.46975","0.30218","0.72299","-0.42338","-0.17865","0.10064","-0.27405","-0.021987","-0.71444","0.48032","0.77649","-0.089169","0.19803","0.73298","-0.2319","-0.23555"],["-1.4131","-0.46869","-0.74692","-0.20231","1.5356","0.39432","-1.0217","6.0958","-0.23015","-0.65621","1.2545","0.83443","-0.37166","0.088412","0.1312","0.65106","-0.090711","-0.37619","0.34301","0.44099","1.4058","-0.54486","0.21079","0.050948","0.50184","-0.51029","-0.37509","-0.62494","0.14437","0.543","0.21088","-0.30252","0.19346","1.3154","0.45066","-0.37941","-1.1418","-0.13764","-0.0020136"],["-0.45593","0.68981","0.33135","0.21783","0.82412","0.72174","-0.092185","-0.23015","5.3558","-1.4823","0.79237","-0.058303","-0.48785","-0.0087515","-0.93922","-0.23223","0.41012","0.36723","-0.10992","0.25637","-0.063725","2.0121","-0.70161","0.25632","-0.26335","-0.86511","-0.88107","-0.35234","-0.48479","-0.86198","0.45027","1.1425","-0.78105","-0.43287","-0.3251","-0.40619","-0.14691","-0.14099","0.23055"],["-0.31243","1.5157","1.133","0.38342","0.27213","-0.1947","-0.44068","-0.65621","-1.4823","4.438","-0.31668","-0.62255","0.55793","-0.54431","0.39522","0.13368","0.73479","0.99173","-0.67312","0.31405","-0.031694","-1.0786","0.8849","0.28707","-0.15815","-0.38849","0.06575","-0.037898","-0.8009","0.13996","-0.087167","0.67797","-0.21106","0.032803","-0.51234","0.50339","-0.35185","0.325","0.32996"],["0.13439","1.002","0.4432","0.31952","-0.42149","-0.22055","-0.49254","1.2545","0.79237","-0.31668","4.4543","-0.41883","-0.61634","0.33345","-0.065926","0.79798","0.043025","-0.98059","-0.58259","0.38738","0.64155","0.33168","0.37993","1.5229","0.015883","-0.33829","0.2882","-0.49122","-0.053784","-1.3053","0.7443","-0.6616","0.086121","-0.21394","0.23895","0.12157","1.1535","-0.24778","0.75484"],["0.39705","0.88049","-0.43207","0.0033139","0.14038","-0.98627","0.51082","0.83443","-0.058303","-0.62255","-0.41883","5.3537","-1.7894","-0.29023","0.19115","0.40247","0.22943","-0.40167","-0.3987","-0.32602","-0.15829","-0.15989","0.025084","-0.35653","1.6886","-0.75538","-0.68047","-0.095135","-1.019","0.90224","-0.79935","-0.33977","0.39352","-0.061005","-0.11963","0.12923","0.44294","0.11496","-0.33366"],["-0.82715","-0.13157","-0.31807","0.86795","1.0113","-0.76252","-0.32504","-0.37166","-0.48785","0.55793","-0.61634","-1.7894","4.1931","-0.033243","-0.22519","-0.35254","-0.44098","-0.049006","-0.69369","-0.51684","-0.17885","0.011882","0.14644","-0.55266","-0.10963","1.2792","-0.85297","-0.63217","0.76189","0.062924","0.052874","0.076441","-0.25009","-0.0096572","0.31287","-0.74497","0.2353","-0.60285","0.16562"],["2.0913","-0.11355","0.99482","-0.0093179","1.0509","0.85449","0.69291","0.088412","-0.0087515","-0.54431","0.33345","-0.29023","-0.033243","5.5747","0.35216","-0.35653","-0.44805","0.3845","-0.72669","-0.74478","0.11045","-1.0173","0.14774","-0.52823","0.27357","-1.4351","0.43355","0.098106","0.54857","0.10479","-0.43685","0.49412","-0.64453","-0.034092","-0.39994","-0.28838","-0.18261","-0.68709","-0.17107"],["0.68711","0.41944","-0.31653","0.42299","0.22222","0.23913","0.24238","0.1312","-0.93922","0.39522","-0.065926","0.19115","-0.22519","0.35216","6.1606","-0.87387","1.1362","1.2191","1.1401","-0.41267","1.3248","1.2515","0.06517","0.47583","-0.35722","-1.0786","0.45466","-0.094653","-0.047616","-0.39524","-0.45538","-0.13519","0.96574","-0.27573",