[{"mu":[["-0.42584","-0.44602","0.57647","0.56646","0.18344","0.47004","0.34565","-0.14875","-0.77975","-0.065268","-0.41485","-0.11416","0.41552","0.16238","0.20726","-0.33806","-0.44771","-0.51607","-0.32157","-0.0037438","0.37206","0.39902","0.38224","0.52167","0.34272","-0.2384","0.21856","0.12266","-0.28769","0.19491","0.13967","0.085645","-0.30116","-0.81352","-0.42598","0.43252","0.33141","0.33486","0.48055"],["1.5149","0.7907","-0.36559","-0.58987","-0.11624","-0.11115","0.38581","0.45663","0.41024","-0.17792","0.074666","0.37372","0.11793","-0.78697","-0.23603","0.37832","0.31261","-0.019819","-0.20233","-0.307","-0.43147","-0.10868","-0.29001","-0.38148","-0.37567","-0.1821","-0.70124","-0.61783","0.43132","0.02928","-0.31845","-0.033851","-0.21453","-0.22225","0.1518","0.025919","-0.13281","0.05214","-0.14239"],["-0.085427","0.094615","-0.05929","0.069377","0.062288","0.23522","-0.30237","-0.37184","0.30246","0.21347","-0.030652","-0.32511","-0.4017","-0.045591","-0.1136","0.172","0.020408","0.13057","-0.2018","0.16731","0.22546","-0.096591","-0.14463","-0.10558","0.09763","0.1431","0.10466","0.19079","-0.31206","-0.30134","-0.0024579","-0.1591","0.020353","0.45406","0.010605","0.024744","0.13059","0.074462","0.286"],["0.14606","0.034751","-0.44643","-0.53549","-0.3616","-0.18411","0.17273","0.93461","0.31037","0.023605","0.41109","0.73899","0.051167","0.3315","0.048587","-0.058789","0.45009","0.2243","-0.017923","-0.069377","-0.24089","-0.02237","0.077981","-0.099524","-0.3493","0.090399","-0.12793","-0.044715","-0.01423","-0.065466","0.1594","0.017613","-0.15171","-0.40452","0.001477","-0.037476","-0.18874","-0.03945","-0.098538"],["-0.55045","-0.27546","0.1615","0.19116","0.092298","-0.46469","-0.20091","-0.29515","-0.26255","-0.14166","0.028298","-0.20289","0.1128","0.17461","0.099118","-0.15418","-0.17766","0.072849","0.62819","0.0096979","-0.15634","-0.090807","0.02213","0.039983","0.071158","0.035206","0.19467","0.049735","0.3767","0.27423","-0.021453","0.15131","0.42097","0.40852","0.21124","-0.34095","-0.21104","-0.3474","-0.57729"]]},{"InversedSigmas":[[["6.6081","-1.1875","0.80578","-0.27963","-0.7753","-0.56537","-0.69217","-0.32474","-0.24808","-0.28742","-0.89939","-0.049255","-0.61468","1.3131","-0.028155","0.37852","-0.16743","-0.40185","0.12648","0.11724","0.17703","-0.36592","0.27253","0.26124","0.21427","-0.16122","-1.7099","-1.7209","-1.0184","-0.27344","0.59387","-0.36228","0.036257","0.14879","0.12091","0.23816","-0.39766","0.027824","-0.45899"],["-1.1875","6.4308","0.60741","0.69667","-0.1562","-0.65885","0.54003","-0.40383","0.2101","-1.0008","-0.166","0.92255","0.038668","-0.12679","0.88411","0.50771","-0.95177","-1.1151","-0.12112","-0.14095","-0.24086","-0.65647","-0.38727","0.14269","0.12506","-0.39995","-0.12337","0.27061","-0.59754","0.097816","0.55849","-0.075424","-0.13563","0.20397","0.4719","-0.19178","0.075115","-0.047229","-0.28238"],["0.80578","0.60741","6.9544","-0.66468","0.17066","1.2937","-0.10101","-0.2865","0.27932","-0.71725","1.2104","0.30118","0.50623","-0.76333","-0.0068106","1.1236","-0.52679","0.7325","-0.8116","-0.68713","-0.24618","0.16793","0.58511","-0.49334","0.098929","-0.031114","0.37423","0.21473","-0.26967","-0.0583","-0.26459","-0.81133","0.5211","0.95608","-0.27108","0.5298","-0.68487","-0.36247","-0.30894"],["-0.27963","0.69667","-0.66468","5.0826","-1.5064","0.25911","-0.66855","0.4769","-0.041675","-0.17324","-0.49362","0.70435","-1.1533","-0.50789","-0.0055893","-0.36177","0.76833","0.10525","-0.21636","-0.25589","0.13207","-0.54568","-0.24707","0.25961","0.52663","0.024698","0.063151","0.26983","0.99478","0.22081","-0.30349","-0.70243","0.91433","-0.32382","-0.38032","0.70552","-0.92972","-0.5764","-0.39796"],["-0.7753","-0.1562","0.17066","-1.5064","4.532","0.096995","0.71392","0.66426","-0.39436","0.93164","0.16755","0.96487","-0.83156","0.12478","-0.93762","-0.0075044","-0.27002","1.1877","0.52557","-0.49494","-0.48234","0.34532","-0.56042","-0.49938","-0.10859","-0.52328","-0.99996","0.76248","0.53176","0.21282","0.070827","-0.51027","-0.25354","0.18774","-0.34295","-0.14382","-0.44258","-0.20387","0.40578"],["-0.56537","-0.65885","1.2937","0.25911","0.096995","5.7788","-0.92629","0.28742","0.92119","0.062658","0.68004","0.093757","-0.8558","-0.42932","0.17079","-0.00316","1.0053","0.49187","0.89296","0.045467","-0.62963","-0.16031","-0.23382","0.14515","-0.66432","0.32182","0.062214","-0.4556","-1.1262","-0.51535","-0.6306","0.52371","-0.10691","-0.63885","-0.038201","-0.34684","0.41731","-1.0161","0.063371"],["-0.69217","0.54003","-0.10101","-0.66855","0.71392","-0.92629","3.8507","-0.56052","0.37087","0.31565","-0.22105","0.19065","-0.49865","-0.45671","0.074704","0.64713","0.022096","-0.44556","0.09678","1.6551","-0.1764","0.76651","0.39887","-0.19021","-0.071056","-0.62172","-0.43316","0.42431","-0.98296","-0.0095494","0.43091","-0.50139","0.27774","0.43306","-0.49622","-0.71271","0.040739","-0.18605","-0.59403"],["-0.32474","-0.40383","-0.2865","0.4769","0.66426","0.28742","-0.56052","3.6771","-0.99679","-0.82601","-0.072361","0.68858","0.27706","-0.51424","-1.0385","-0.23792","0.36367","0.70754","-0.42538","-0.75204","1.6361","-0.57842","-0.45404","-0.071625","0.37265","-0.54002","-0.35673","-0.058603","-0.16701","-0.40527","0.3335","0.21441","0.14837","0.18526","0.70798","0.4896","0.3195","-0.027731","0.031546"],["-0.24808","0.2101","0.27932","-0.041675","-0.39436","0.92119","0.37087","-0.99679","4.3662","0.055502","-0.58882","-0.027862","-0.1491","0.1634","-0.20412","-0.43942","1.1557","0.030036","0.36988","-0.51391","1.3358","1.8955","0.32921","-0.81017","-0.16301","0.064644","-0.24209","0.53349","-0.47805","0.28564","0.034521","-0.49668","0.41435","0.21247","0.019705","-0.96032","0.62687","0.44325","0.48309"],["-0.28742","-1.0008","-0.71725","-0.17324","0.93164","0.062658","0.31565","-0.82601","0.055502","4.8698","-0.69647","-0.38448","-0.70885","-0.92108","-0.22374","0.98389","0.54785","-0.53509","-0.48983","0.76714","-0.51306","-0.86153","1.8741","-0.39194","0.25451","-0.0059796","0.26221","-0.38344","0.95159","0.55966","0.23816","-0.11469","-0.49261","-0.10882","-0.29368","0.22987","-0.39711","0.13446","0.29282"],["-0.89939","-0.166","1.2104","-0.49362","0.16755","0.68004","-0.22105","-0.072361","-0.58882","-0.69647","5.1929","-1.4754","-0.2572","0.029845","0.32489","-0.27679","-0.61877","-0.69825","0.90292","-0.71842","-0.14731","-0.6877","0.73607","1.5386","-1.0869","-0.92161","-0.35708","-0.050944","1.2394","0.036222","-0.0051599","-0.26214","0.53532","0.047737","0.97542","-0.33679","0.46216","0.17849","0.089186"],["-0.049255","0.92255","0.30118","0.70435","0.96487","0.093757","0.19065","0.68858","-0.027862","-0.38448","-1.4754","4.0217","0.24218","-0.077436","-0.90177","0.78514","0.21506","0.25358","0.17944","-0.55878","0.7786","-0.32847","-0.43238","0.7057","0.83896","0.35022","-0.36806","0.36869","-0.11726","-0.39585","0.27045","-0.21599","0.13405","-0.32587","-0.16988","-0.24271","-0.63116","-0.31609","0.13357"],["-0.61468","0.038668","0.50623","-1.1533","-0.83156","-0.8558","-0.49865","0.27706","-0.1491","-0.70885","-0.2572","0.24218","4.2933","-0.77208","0.6955","0.73579","-0.049615","-0.16419","-0.71377","-0.38698","0.97103","0.3749","0.13228","0.446","0.046807","1.9758","-0.18201","0.094633","0.71336","0.13128","0.54553","-0.084232","-0.56701","-0.6721","0.21778","-0.546","-0.036072","-0.1821","0.98497"],["1.3131","-0.12679","-0.76333","-0.50789","0.12478","-0.42932","-0.45671","-0.51424","0.1634","-0.92108","0.029845","-0.077436","-0.77208","7.8447","0.55372","0.98515","-0.49769","0.38223","-0.00014556","-0.87114","0.27292","-0.16997","-0.7226","-0.4745","-0.56045","-0.54637","1.1575","0.84627","0.13624","0.96182","-0.28734","-0.093539","0.16393","-0.1366","-0.37342","-0.23836","0.38608","0.1022","0.35146"],["-0.028155","0.88411","-0.0068106","-0.0055893","-0.93762","0.17079","0.074704","-1.0385","-0.20412","-0.22374","0.32489","-0.90177","0.6955","0.55372","5.7484","-0.27879","0.08542","0.74879","-0.99326","0.53936","0.17391","-0.40427","1.2354","-0.44761","0.77299","-0.14617","-1.0791","0.6974","0.53954","-0.73161","-0.85912","0.062749","-1.2191","-0.35974","-0.39236","-0.50289","-0.66177","-0.34319","-0.28666"],["0.37852","0.50771","1.1236","-0.36177","-0.0075044","-0.00316","0.64713","-0.23792","-0.43942","0.98389","-0.27679","0.78514","0.73579","0.98515","-0.27879","5.7356","-0.11788","-0.54112","0.043688","0.66031","-0.24769","0.25372","-0.044278","0.97619","0.71513","1.5018","0.019043","-0.43264","0.57485","1.0155","0.24049","0.12392","0.047608","0.97096","-0.70039","0.79253","-0.17816","0.17861","0.094028"],["-0.16743","-0.95177","-0.52679","0.76833","-0.27002","1.0053","0.022096","0.36367","1.1557","0.54785","-0.61877","0.21506","-0.049615","-0.49769","0.08542","-0.11788","5.5639","-1.3151","-1.3783","-1.0299","0.27095","-0.39369","-0.47697","-0.54289","0.23625","0.29416","-0.041934","0.40666","-0.40855","0.46203","0.15453","-0.84941","-0.31513","0.22267","0.13077","0.26617","0.22684","0.030917","0.12761"],["-0.40185","-1.1151","0.7325","0.10525","1.1877","0.49187","-0.44556","0.70754","0.030036","-0.53509","-0.69825","0.25358","-0.16419","0.38223","0.74879","-0.54112","-1.3151","5.618","-1.4348","1.056","0.55821","0.82284","0.082524","-0.45392","0.44882","0.32915","-0.070745","0.95975","0.038967","-1.0774","-0.20762","0.50121","0.50409","1.036","0.17131","-0.30075","0.10218","0.38868","-0.0079851"],["0.12648","-0.12112","-0.8116","-0.21636","0.52557","0.89296","0.09678","-0.42538","0.36988","-0.48983","0.90292","0.17944","-0.71377","-0.00014556","-0.99326","0.043688","-1.3783","-1.4348","5.489","-0.77514","0.33022","1.5083","0.36092","1.623","1.279","-0.36849","-0.0040423","0.46635","-0.72702","0.21509","-0.23543","0.044189","-0.77452","-0.48024","0.22741","0.26007","-0.50676","-0.20697","-0.32305"],["0.11724","-0.14095","-0.68713","-0.25589","-0.49494","0.045467","1.6551","-0.75204","-0.51391","0.76714","-0.71842","-0.55878","-0.38698","-0.87114","0.53936","0.66031","-1.0299","1.056","-0.77514","4.5707","-0.89999","-0.10799","0.46367","0.99349","-0.10997","0.71334","0.16176","0.60827","-1.0588","0.26484","-0.078929","0.54794","0.3359","-0.30088","-0.14399","-0.2337","1.0261","0.7848","-0.44325"],["0.17703","-0.24086","-0.24618","0.13207","-0.48234","-0.62963","-0.1764","1.6361","1.3358","-0.51306","-0.14731","0.7786","0.97103","0.27292","0.17391","-0.24769","0.27095","0.55821","0.33022","-0.89999","4.5135","0.1961","1.3058","0.30157","0.82461","-0.071768","-0.029854","0.27193","-0.447","-0.2455","0.27179","-0.043357","0.058381","0.13861","-0.26312","-0.67738","0.62857","0.54014","0.62546"],["-0.36592","-0.65647","0.16793","-0.54568","0.34532","-0.16031","0.76651","-0.57842","1.8955","-0.86153","-0.6877","-0.32847","0.3749","-0.16997","-0.40427","0.25372","-0.39369","0.82284","1.5083","-0.10799","0.1961","4.818","0.1733","-0.033848","1.2063","0.53393","0.092497","-0.59358","0.59265","0.16852","-0.3381","-0.18919","-0.20833","1.0312","-0.21577","-0.73404","0.40375","-0.26794","0.68189"],["0.27253","-0.38727","0.58511","-0.24707","-0.56042","-0.23382","0.39887","-0.45404","0.32921","1.8741","0.73607","-0.43238","0.13228","-0.7226","1.2354","-0.044278","-0.47697","0.082524","0.36092","0.46367","1.3058","0.1733","4.208","-0.32037","0.99726","-1.134","0.51346","-0.35118","0.36762","0.084674","0.87718","-0.54283","-0.021309","0.13196","0.8509","-0.37205","-0.71371","0.35344","0.075587"],["0.26124","0.14269","-0.49334","0.25961","-0.49938","0.14515","-0.19021","-0.071625","-0.81017","-0.39194","1.5386","0.7057","0.446","-0.4745","-0.44761","0.97619","-0.54289","-0.45392","1.623","0.99349","0.30157","-0.033848","-0.32037","4.3856","0.080962","1.268","0.0052901","0.52509","-0.24567","-0.46062","0.30205","0.076023","0.026525","-0.64426","0.1376","0.26009","0.49893","0.015295","-0.084249"],["0.21427","0.12506","0.098929","0.52663","-0.10859","-0.66432","-0.071056","0.37265","-0.16301","0.25451","-1.0869","0.83896","0.046807","-0.56045","0.77299","0.71513","0.23625","0.44882","1.279","-0.10997","0.82461","1.2063","0.99726","0.080962","3.8769","-0.38033","0.33734","0.29512","0.36996","-0.13262","-0.0060505","-0.29103","-1.0087","0.26294","0.57732","0.39635","-0.12518","0.20643","-0.21485"],["-0.16122","-0.39995","-0.031114","0.024698","-0.52328","0.32182","-0.62172","-0.54002","0.064644","-0.0059796","-0.92161","0.35022","1.9758","-0.54637","-0.14617","1.5018","0.29416","0.32915","-0.36849","0.71334","-0.071768","0.53393","-1.134","1.268","-0.38033","3.2949","-0.073569","-0.037556","0.43196","0.074857","-0.29438","-0.093661","0.35792","-0.34368","-1.2657","-0.079439","0.47954","-0.41065","0.56202"],["-1.7099","-0.12337","0.37423","0.063151","-0.99996","0.062214","-0.43316","-0.35673","-0.24209","0.26221","-0.35708","-0.36806","-0.18201","1.1575","-1.0791","0.019043","-0.041934","-0.070745","-0.0040423","0.16176","-0.029854","0.092497","0.51346","0.0052901","0.33734","-0.073569","8.4492","-0.26186","-0.064589","-0.88686","0.75558","0.0028475","-0.41428","0.29836","-0.20056","-0.020666","-0.22326","-0.43532","-0.31413"],["-1.7209","0.27061","0.21473","0.26983","0.76248","-0.4556","0.42431","-0.058603","0.53349","-0.38344","-0.050944","0.36869","0.094633","0.84627","0.6974","-0.43264","0.40666","0.95975","0.46635","0.60827","0.27193","-0.59358","-0.35118","0.52509","0.29512","-0.037556","-0.26186","6.2376","-0.65668","0.45005","-0.040161","-0.81576","0.32251","-0.63446","-0.4325","1.0464","-0.2761","1.1355","-0.42567"],["-1.0184","-0.59754","-0.26967","0.99478","0.53176","-1.1262","-0.98296","-0.16701","-0.47805","0.95159","1.2394","-0.11726","0.71336","0.13624","0.53954","0.57485","-0.40855","0.038967","-0.72702","-1.0588","-0.447","0.59265","0.36762","-0.24567","0.36996","0.43196","-0.064589","-0.65668","5.2483","0.69279","-0.41184","-0.032696","0.54814","0.065628","0.40659","0.053031","0.10226","0.146","1.3709"],["-0.27344","0.097816","-0.0583","0.22081","0.21282","-0.51535","-0.0095494","-0.40527","0.28564","0.55966","0.036222","-0.39585","0.13128","0.96182","-0.73161","1.0155","0.46203","-1.0774","0.21509","0.26484","-0.2455","0.16852","0.084674","-0.46062","-0.13262","0.074857","-0.88686","0.45005","0.69279","4.197","-0.66246","-0.9463","-0.48178","-0.17222","0.12708","-0.024387","-0.16849","0.58618","0.79493"],["0.59387","0.55849","-0.26459","-0.30349","0.070827","-0.6306","0.43091","0.3335","0.034521","0.23816","-0.0051599","0.27045","0.54553","-0.28734","-0.85912","0.24049","0.15453","-0.20762","-0.23543","-0.078929","0.27179","-0.3381","0.87718","0.30205","-0.0060505","-0.29438","0.75558","-0.040161","-0.41184","-0.66246","4.1257","-1.7254","1.4378","0.11362","1.4084","0.29903","0.053122","0.85821","0.076838"],["-0.36228","-0.075424","-0.81133","-0.70243","-0.51027","0.52371","-0.50139","0.21441","-0.49668","-0.11469","-0.26214","-0.21599","-0.084232","-0.093539","0.062749","0.12392","-0.84941","0.50121","0.044189","0.54794","-0.043357","-0.18919","-0.54283","0.076023","-0.29103","-0.093661","0.0028475","-0.81576","-0.032696","-0.9463","-1.7254","4.5546","-1.1169","0.76796","0.95009","0.67357","0.61159","1.0191","0.10852"],["0.036257","-0.13563","0.5211","0.91433","-0.25354","-0.10691","0.27774","0.14837","0.41435","-0.49261","0.53532","0.13405","-0.56701","0.16393","-1.2191","0.047608","-0.31513","0.50409","-0.77452","0.3359","0.058381","-0.20833","-0.021309","0.026525","-1.0087","0.35792","-0.41428","0.32251","0.54814","-0.48178","1.4378","-1.1169","3.8279","-0.11088","0.20947","0.50386","1.2507","0.60463","0.31269"],["0.14879","0.20397","0.95608","-0.32382","0.18774","-0.63885","0.43306","0.18526","0.21247","-0.10882","0.047737","-0.32587","-0.6721","-0.1366","-0.35974","0.97096","0.22267","1.036","-0.48024","-0.30088","0.13861","1.0312","0.13196","-0.64426","0.26294","-0.34368","0.29836","-0.63446","0.065628","-0.17222","0.11362","0.76796","-0.11088","3.7308","0.17425","1.026","3.8794e-05","1.1552","-0.67781"],["0.12091","0.4719","-0.27108","-0.38032","-0.34295","-0.038201","-0.49622","0.70798","0.019705","-0.29368","0.97542","-0.16988","0.21778","-0.37342","-0.39236","-0.70039","0.13077","0.17131","0.22741","-0.14399","-0.26312","-0.21577","0.8509","0.1376","0.57732","-1.2657","-0.20056","-0.4325","0.40659","0.12708","1.4084","0.95009","0.20947","0.17425","4.4407","0.45601","0.54691","1.6469","0.35408"],["0.23816","-0.19178","0.5298","0.70552","-0.14382","-0.34684","-0.71271","0.4896","-0.96032","0.22987","-0.33679","-0.24271","-0.546","-0.23836","-0.50289","0.79253","0.26617","-0.30075","0.26007","-0.2337","-0.67738","-0.73404","-0.37205","0.26009","0.39635","-0.079439","-0.020666","1.0464","0.053031","-0.024387","0.29903","0.67357","0.50386","1.026","0.45601","3.5794","-0.75533","1.4323","-0.87255"],["-0.39766","0.075115","-0.68487","-0.92972","-0.44258","0.41731","0.040739","0.3195","0.62687","-0.39711","0.46216","-0.63116","-0.036072","0.38608","-0.66177","-0.17816","0.22684","0.10218","-0.50676","1.0261","0.62857","0.40375","-0.71371","0.49893","-0.12518","0.47954","-0.22326","-0.2761","0.10226","-0.16849","0.053122","0.61159","1.2507","3.8794e-05","0.54691","-0.75533","4.4129","0.93226","1.331"],["0.027824","-0.047229","-0.36247","-0.5764","-0.20387","-1.0161","-0.18605","-0.027731","0.44325","0.13446","0.17849","-0.31609","-0.1821","0.1022","-0.34319","0.17861","0.030917","0.38868","-0.20697","0.7848","0.54014","-0.26794","0.35344","0.015295","0.20643","-0.41065","-0.43532","1.1355","0.146","0.58618","0.85821","1.0191","0.60463","1.1552","1.6469","1.4323","0.93226","3.5044","0.071691"],["-0.45899","-0.28238","-0.30894","-0.39796","0.40578","0.063371","-0.59403","0.031546","0.48309","0.29282","0.089186","0.13357","0.98497","0.35146","-0.28666","0.094028","0.12761","-0.0079851","-0.32305","-0.44325","0.62546","0.68189","0.075587","-0.084249","-0.21485","0.56202","-0.31413","-0.42567","1.3709","0.79493","0.076838","0.10852","0.31269","-0.67781","0.35408","-0.87255","1.331","0.071691","2.2453"]],[["7.279","0.15833","-0.3179","-0.98407","-0.66149","-0.1683","-0.30184","0.48601","0.97482","0.071518","0.17518","0.87653","0.3454","1.3525","-0.49038","-0.26421","-1.0227","-0.13168","-0.1131","0.81104","0.62019","0.044118","-0.74658","-0.26649","0.19102","-0.3335","1.4567","-0.56828","0.22984","-0.67403","-0.32311","1.221","0.047563","0.17826","0.11835","-0.37258","0.18965","0.88039","-0.4897"],["0.15833","6.536","-0.12221","0.70496","-0.58106","-0.57199","-0.73142","-0.95062","-1.5112","-0.22136","0.60507","-0.4613","-0.99706","0.58532","1.3676","0.39392","0.068112","-0.16711","1.0406","0.019876","0.53657","-0.21417","-0.71999","-0.28007","0.76995","-0.059388","0.5327","0.89255","1.1665","0.36253","0.089248","0.20426","0.24439","-0.93119","0.56266","-0.77662","-0.7227","0.29265","0.47193"],["-0.3179","-0.12221","8.259","0.26703","-0.574","-1.1438","-0.079537","-0.82872","-0.68522","0.52391","1.1479","-0.39343","-0.38787","-0.50993","-1.0226","0.37552","-0.39515","-0.30117","-0.21065","0.19249","0.28635","0.65612","-0.21132","-0.12631","0.30782","-0.17141","-0.13262","0.26538","0.46377","-0.8443","0.2873","0.69095","0.0076271","0.81149","0.66843","-0.011596","-0.042353","-0.14513","-0.13154"],["-0.98407","0.70496","0.26703","8.0006","-0.63159","-0.023507","1.2118","1.1899","0.81683","0.039826","0.50765","0.24491","0.58038","0.54307","-0.028475","-0.73428","0.76234","0.26683","-0.0093438","0.2721","-0.22238","0.36964","0.015422","0.26889","0.17077","-0.24848","0.45594","-0.34842","0.09638","-0.3509","0.092437","-0.53005","-0.3299","-0.17398","0.15875","0.14212","0.26228","-0.34752","-0.020477"],["-0.66149","-0.58106","-0.574","-0.63159","6.5925","-1.7689","0.75642","1.9304","0.62901","-0.013565","0.2362","0.085061","-0.89836","-0.33512","-0.05008","0.46947","0.16843","0.86717","0.56677","0.46632","-0.307","0.19726","-0.34699","-0.12982","0.1224","0.12431","-0.01596","0.69945","0.41359","0.71897","0.3906","0.20239","-0.30817","0.1586","0.089295","-0.94425","0.1485","0.34794","0.57734"],["-0.1683","-0.57199","-1.1438","-0.023507","-1.7689","6.931","0.70985","0.50707","0.33651","0.38248","0.85076","0.067383","-0.92247","-0.035245","-0.82493","0.59851","-0.082462","-0.45804","1.2488","-0.34537","-0.313","0.64826","-0.32284","0.2125","-0.31337","-0.15572","-0.51311","0.04768","0.63186","-0.62321","0.81377","0.82632","0.4321","0.25448","0.40836","-0.99116","-0.45265","0.47419","0.10242"],["-0.30184","-0.73142","-0.079537","1.2118","0.75642","0.70985","7.6684","-1.2725","-0.71773","-0.10561","-0.18924","0.53271","0.3036","-0.32515","0.2249","0.19924","-1.0869","0.38324","0.030037","0.67967","-0.097129","-0.45882","-0.083783","-0.6385","-0.32961","-0.18747","0.33781","-0.28705","0.44174","-0.11753","-0.90912","0.78412","0.65753","-0.33532","0.081475","-0.52085","0.33288","0.67017","-0.33424"],["0.48601","-0.95062","-0.82872","1.1899","1.9304","0.50707","-1.2725","7.2918","-1.5699","0.49725","0.79096","-0.2603","0.27885","-0.21447","0.14532","0.41722","-0.31277","-0.50074","-0.099565","-0.28574","0.79179","0.11766","-0.23126","-0.44638","0.16318","-0.31646","-0.27619","0.033846","0.425","-0.92335","-0.37255","0.38086","0.31233","0.12336","0.51801","0.17238","-0.34381","-0.43993","-0.27432"],["0.97482","-1.5112","-0.68522","0.81683","0.62901","0.33651","-0.71773","-1.5699","7.3254","0.34551","1.0886","-0.55834","0.0070179","0.46869","0.33645","0.55865","0.036836","0.07143","-0.20054","0.27283","-0.10104","0.64268","0.47161","-0.032344","0.81684","-0.20381","0.47912","0.29729","0.38823","0.18684","0.0055271","-0.088038","0.14883","0.079238","0.36096","0.84311","-0.40094","-0.82101","0.57018"],["0.071518","-0.22136","0.52391","0.039826","-0.013565","0.38248","-0.10561","0.49725","0.34551","8.9068","-0.81602","-0.74154","-0.41651","-0.1412","0.2489","-0.87904","0.24007","-0.32802","0.0107","-0.04081","-0.37097","-0.23756","0.45344","0.02192","0.58674","0.30423","0.15822","0.60301","-0.038949","0.47636","0.35069","0.15","0.11434","-0.22945","0.093473","-0.30438","0.082081","0.57739","-0.10717"],["0.17518","0.60507","1.1479","0.50765","0.2362","0.85076","-0.18924","0.79096","1.0886","-0.81602","7.1601","-0.60802","-0.099141","0.12788","1.0251","-0.21137","0.29509","0.40772","-0.13166","-0.44524","-0.47353","-0.50458","0.23387","0.42274","0.035793","0.90513","0.23998","-0.11568","-0.28657","0.65606","-0.57134","0.51719","-0.57896","0.18662","0.31056","-0.088492","-0.075901","1.6211","0.14227"],["0.87653","-0.4613","-0.39343","0.24491","0.085061","0.067383","0.53271","-0.2603","-0.55834","-0.74154","-0.60802","7.5666","-0.43575","-0.6272","0.062561","-1.1276","1.1099","-0.41396","-0.36683","-0.71031","-0.12162","0.10186","0.47609","0.47496","1.3311","0.46667","-0.080677","0.61071","0.0061049","0.094526","0.51812","0.79729","-0.69664","-0.12584","1.058","0.19085","-0.66872","0.41696","0.47769"],["0.3454","-0.99706","-0.38787","0.58038","-0.89836","-0.92247","0.3036","0.27885","0.0070179","-0.41651","-0.099141","-0.43575","8.0959","-0.23322","-0.042787","0.19056","0.090212","-0.90294","-0.36925","-0.23401","-0.054474","-0.27853","0.20974","0.088011","0.26805","0.68131","-0.14193","0.70753","0.77756","0.22843","0.68078","0.16478","0.20154","0.43977","0.20714","-0.55016","-0.14227","0.07571","-0.35701"],["1.3525","0.58532","-0.50993","0.54307","-0.33512","-0.035245","-0.32515","-0.21447","0.46869","-0.1412","0.12788","-0.6272","-0.23322","2.6239","-0.5124","0.36444","-0.061954","-0.13172","-0.67515","-0.44824","-0.78346","-0.2089","-0.83102","-1.0942","0.059734","-0.2842","-0.12726","-0.60932","0.11102","0.76005","0.41924","-1.6054","-0.099261","-0.47288","0.80474","-0.7178","-0.41348","0.41471","-0.41498"],["-0.49038","1.3676","-1.0226","-0.028475","-0.05008","-0.82493","0.2249","0.14532","0.33645","0.2489","1.0251","0.062561","-0.042787","-0.5124","4.4421","0.54829","-0.052179","-0.7425","0.30591","-0.86916","-0.7934","-1.3977","-0.12875","-0.91919","-0.58446","-0.93208","0.29035","-0.19774","-0.32588","0.11521","0.20638","1.3443","0.13972","-0.11884","-0.017374","1.6778","0.40043","-0.31025","-0.93909"],["-0.26421","0.39392","0.37552","-0.73428","0.46947","0.59851","0.19924","0.41722","0.55865","-0.87904","-0.21137","-1.1276","0.19056","0.36444","0.54829","4.8597","0.38614","-0.014344","0.90025","0.72465","0.30519","-1.2385","0.055333","-0.31239","0.61933","1.1027","-0.23517","-0.14057","0.21833","-1.1711","1.2899","0.88996","0.38925","-1.0749","0.1638","-0.2234","0.17538","-0.45056","-0.058234"],["-1.0227","0.068112","-0.39515","0.76234","0.16843","-0.082462","-1.0869","-0.31277","0.036836","0.24007","0.29509","1.1099","0.090212","-0.061954","-0.052179","0.38614","5.6827","-0.30287","-0.025083","1.8342","1.143","0.23256","-0.4777","0.97767","0.10049","0.094903","-0.94076","-0.63538","0.28556","0.30237","0.032495","-0.24402","0.027219","-0.053102","-0.55044","0.24977","0.018243","1.1164","-0.5583"],["-0.13168","-0.16711","-0.30117","0.26683","0.86717","-0.45804","0.38324","-0.50074","0.07143","-0.32802","0.40772","-0.41396","-0.90294","-0.13172","-0.7425","-0.014344","-0.30287","6.9113","-1.4934","-0.57229","0.21427","0.18649","0.19677","1.2796","0.31216","-0.7081","0.31146","0.25612","-0.1082","-0.32966","0.70783","0.47932","0.55739","0.32459","0.31906","-0.71257","-0.60351","0.29962","-0.77002"],["-0.1131","1.0406","-0.21065","-0.0093438","0.56677","1.2488","0.030037","-0.099565","-0.20054","0.0107","-0.13166","-0.36683","-0.36925","-0.67515","0.30591","0.90025","-0.025083","-1.4934","5.029","0.49737","0.11706","0.36347","1.1679","1.3514","0.23789","-0.41477","0.75261","-1.2126","0.14744","-0.010578","0.30062","0.13334","-0.0031493","1.1662","-0.30405","0.044122","-0.038301","-0.15349","-0.073873"],["0.81104","0.019876","0.19249","0.2721","0.46632","-0.34537","0.67967","-0.28574","0.27283","-0.04081","-0.44524","-0.71031","-0.23401","-0.44824","-0.86916","0.72465","1.8342","-0.57229","0.49737","7.6046","-0.21883","-0.11834","0.010749","-0.68341","-0.18332","0.067297","0.26703","0.21285","-0.54986","0.27749","-0.10663","0.39388","-0.052294","-0.076603","0.33945","-0.078077","-0.67824","-0.31152","-0.19124"],["0.62019","0.53657","0.28635","-0.22238","-0.307","-0.313","-0.097129","0.79179","-0.10104","-0.37097","-0.47353","-0.12162","-0.054474","-0.78346","-0.7934","0.30519","1.143","0.21427","0.11706","-0.21883","7.5195","-0.055602","1.0474","0.15899","0.094545","-0.00026803","0.71456","-0.68528","0.28342","-0.011361","-0.37565","-0.34738","0.040458","-0.037957","0.66178","0.34692","0.42245","0.48111","-0.099142"],["0.044118","-0.21417","0.65612","0.36964","0.19726","0.64826","-0.45882","0.11766","0.64268","-0.23756","-0.50458","0.10186","-0.27853","-0.2089","-1.3977","-1.2385","0.23256","0.18649","0.36347","-0.11834","-0.055602","6.8074","-0.19401","-0.74097","-0.37645","0.21764","-0.626","-0.49311","0.66837","0.046931","-0.13844","0.57937","-0.068433","-1.3526","0.022529","0.68782","0.3857","-0.057361","-0.52335"],["-0.74658","-0.71999","-0.21132","0.015422","-0.34699","-0.32284","-0.083783","-0.23126","0.47161","0.45344","0.23387","0.47609","0.20974","-0.83102","-0.12875","0.055333","-0.4777","0.19677","1.1679","0.010749","1.0474","-0.19401","6.0026","-0.79604","-0.54418","0.17551","1.2488","-0.60679","-0.19732","-0.23016","0.53508","-0.89599","-0.070551","-0.066384","-0.51077","-0.47706","-0.89995","0.50765","0.43325"],["-0.26649","-0.28007","-0.12631","0.26889","-0.12982","0.2125","-0.6385","-0.44638","-0.032344","0.02192","0.42274","0.47496","0.088011","-1.0942","-0.91919","-0.31239","0.97767","1.2796","1.3514","-0.68341","0.15899","-0.74097","-0.79604","6.544","-0.16128","0.4103","0.90102","0.017591","-0.13099","-0.20598","0.62355","0.14679","0.93248","-0.042065","-0.58591","0.26802","0.22201","-1.0267","0.039867"],["0.19102","0.76995","0.30782","0.17077","0.1224","-0.31337","-0.32961","0.16318","0.81684","0.58674","0.035793","1.3311","0.26805","0.059734","-0.58446","0.61933","0.10049","0.31216","0.23789","-0.18332","0.094545","-0.37645","-0.54418","-0.16128","7.1563","-0.40728","-0.014315","0.0095932","0.89092","-0.18105","-0.91623","-0.28949","0.6146","-0.30014","-0.30603","-0.64749","1.3849","-0.35142","-0.46145"],["-0.3335","-0.059388","-0.17141","-0.24848","0.12431","-0.15572","-0.18747","-0.31646","-0.20381","0.30423","0.90513","0.46667","0.68131","-0.2842","-0.93208","1.1027","0.094903","-0.7081","-0.41477","0.067297","-0.00026803","0.21764","0.17551","0.4103","-0.40728","7.9121","0.24723","0.64895","-0.71572","0.33775","-0.31321","0.44407","0.3364","-0.39119","-0.20431","-0.32275","0.1395","-0.042162","0.13011"],["1.4567","0.5327","-0.13262","0.45594","-0.01596","-0.51311","0.33781","-0.27619","0.47912","0.15822","0.23998","-0.080677","-0.14193","-0.12726","0.29035","-0.23517","-0.94076","0.31146","0.75261","0.26703","0.71456","-0.626","1.2488","0.90102","-0.014315","0.24723","2.2804","0.18481","0.39459","-0.31956","0.21416","-0.2655","-0.25681","-0.47916","-1.1358","-0.48734","-0.19895","-0.52932","-0.42957"],["-0.56828","0.89255","0.26538","-0.34842","0.69945","0.04768","-0.28705","0.033846","0.29729","0.60301","-0.11568","0.61071","0.70753","-0.60932","-0.19774","-0.14057","-0.63538","0.25612","-1.2126","0.21285","-0.68528","-0.49311","-0.60679","0.017591","0.0095932","0.64895","0.18481","4.4133","1.7377","0.14599","0.081231","0.57958","-0.76681","-0.79679","-0.76729","-0.21281","-1.6867","-0.37559","-0.39686"],["0.22984","1.1665","0.46377","0.09638","0.41359","0.63186","0.44174","0.425","0.38823","-0.038949","-0.28657","0.0061049","0.77756","0.11102","-0.32588","0.21833","0.28556","-0.1082","0.14744","-0.54986","0.28342","0.66837","-0.19732","-0.13099","0.89092","-0.71572","0.39459","1.7377","4.8767","0.43842","0.61754","0.029625","0.61127","0.93047","-1.4558","0.64191","-1.1315","0.41712","0.96446"],["-0.67403","0.36253","-0.8443","-0.3509","0.71897","-0.62321","-0.11753","-0.92335","0.18684","0.47636","0.65606","0.094526","0.22843","0.76005","0.11521","-1.1711","0.30237","-0.32966","-0.010578","0.27749","-0.011361","0.046931","-0.23016","-0.20598","-0.18105","0.33775","-0.31956","0.14599","0.43842","5.5753","0.79725","-0.55856","1.4981","0.75098","0.99112","0.65802","1.4667","0.88123","0.082495"],["-0.32311","0.089248","0.2873","0.092437","0.3906","0.81377","-0.90912","-0.37255","0.0055271","0.35069","-0.57134","0.51812","0.68078","0.41924","0.20638","1.2899","0.032495","0.70783","0.30062","-0.10663","-0.37565","-0.13844","0.53508","0.62355","-0.91623","-0.31321","0.21416","0.081231","0.61754","0.79725","6.4272","0.38182","-1.3359","-0.54304","1.5505","-0.22688","0.47401","0.78898","-1.066"],["1.221","0.20426","0.69095","-0.53005","0.20239","0.82632","0.78412","0.38086","-0.088038","0.15","0.51719","0.79729","0.16478","-1.6054","1.3443","0.88996","-0.24402","0.47932","0.13334","0.39388","-0.34738","0.57937","-0.89599","0.14679","-0.28949","0.44407","-0.2655","0.57958","0.029625","-0.55856","0.38182","4.4464","0.36891","0.14905","0.028614","1.2593","1.4127","-1.2557e-05","0.19459"],["0.047563","0.24439","0.0076271","-0.3299","-0.30817","0.4321","0.65753","0.31233","0.14883","0.11434","-0.57896","-0.69664","0.20154","-0.099261","0.13972","0.38925","0.027219","0.55739","-0.0031493","-0.052294","0.040458","-0.068433","-0.070551","0.93248","0.6146","0.3364","-0.25681","-0.76681","0.61127","1.4981","-1.3359","0.36891","7.4667","-0.27153","0.53464","0.1985","-0.75512","-0.26297","-0.16586"],["0.17826","-0.93119","0.81149","-0.17398","0.1586","0.25448","-0.33532","0.12336","0.079238","-0.22945","0.18662","-0.12584","0.43977","-0.47288","-0.11884","-1.0749","-0.053102","0.32459","1.1662","-0.076603","-0.037957","-1.3526","-0.066384","-0.042065","-0.30014","-0.39119","-0.47916","-0.79679","0.93047","0.75098","-0.54304","0.14905","-0.27153","7.5759","0.14421","-0.34495","-0.097517","-0.010491","-0.21726"],["0.11835","0.56266","0.66843","0.15875","0.089295","0.40836","0.081475","0.51801","0.36096","0.093473","0.31056","1.058","0.20714","0.80474","-0.017374","0.1638","-0.55044","0.31906","-0.30405","0.33945","0.66178","0.022529","-0.51077","-0.58591","-0.30603","-0.20431","-1.1358","-0.76729","-1.4558","0.99112","1.5505","0.028614","0.53464","0.14421","6.6101","-0.2433","-0.66747","-1.5599","0.60767"],["-0.37258","-0.77662","-0.011596","0.14212","-0.94425","-0.99116","-0.52085","0.17238","0.84311","-0.30438","-0.088492","0.19085","-0.55016","-0.7178","1.6778","-0.2234","0.24977","-0.71257","0.044122","-0.078077","0.34692","0.68782","-0.47706","0.26802","-0.64749","-0.32275","-0.48734","-0.21281","0.64191","0.65802","-0.22688","1.2593","0.1985","-0.34495","-0.2433","6.3283","-0.7236","-0.11592","-0.25234"],["0.18965","-0.7227","-0.042353","0.26228","0.1485","-0.45265","0.33288","-0.34381","-0.40094","0.082081","-0.075901","-0.66872","-0.14227","-0.41348","0.40043","0.17538","0.018243","-0.60351","-0.038301","-0.67824","0.42245","0.3857","-0.89995","0.22201","1.3849","0.1395","-0.19895","-1.6867","-1.1315","1.4667","0.47401","1.4127","-0.75512","-0.097517","-0.66747","-0.7236","6.709","-0.012692","0.26979"],["0.88039","0.29265","-0.14513","-0.34752","0.34794","0.47419","0.67017","-0.43993","-0.82101","0.57739","1.6211","0.41696","0.07571","0.41471","-0.31025","-0.45056","1.1164","0.29962","-0.15349","-0.31152","0.48111","-0.057361","0.50765","-1.0267","-0.35142","-0.042162","-0.52932","-0.37559","0.41712","0.88123","0.78898","-1.2557e-05","-0.26297","-0.010491","-1.5599","-0.11592","-0.012692","6.015","0.077849"],["-0.4897","0.47193","-0.13154","-0.020477","0.57734","0.10242","-0.33424","-0.27432","0.57018","-0.10717","0.14227","0.47769","-0.35701","-0.41498","-0.93909","-0.058234","-0.5583","-0.77002","-0.073873","-0.19124","-0.099142","-0.52335","0.43325","0.039867","-0.46145","0.13011","-0.42957","-0.39686","0.96446","0.082495","-1.066","0.19459","-0.16586","-0.21726","0.60767","-0.25234","0.26979","0.077849","8.2449"]],[["4.2573","-1.1365","0.14585","-0.8364","-0.33787","-0.59024","-0.63228","-0.97724","-0.33656","-1.1885","-0.752","0.22848","0.12789","1.541","-0.28919","0.13732","-0.001792","0.27809","0.035088","-0.079214","-0.80077","-0.26617","0.04325","-0.0080305","0.057277","0.72577","0.50921","0.03774","-0.16967","0.76194","-0.14272","-0.35944","-0.073382","0.35924","-0.22088","0.02835","-0.094382","0.042465","-0.090077"],["-1.1365","3.6933","-0.056955","0.98064","0.089523","0.45367","0.061848","-0.42227","0.4709","-0.50157","-0.43533","0.74074","-0.1965","0.27965","1.3773","-0.12917","0.17907","-0.11174","0.35256","0.25903","-0.087548","0.17643","-0.64751","-0.24968","0.31869","-0.24197","0.23878","0.093025","0.51832","-1.0954","0.079035","-0.24446","-0.14627","-0.15485","0.13664","-0.4966","-0.26333","0.014342","-0.07434"],["0.14585","-0.056955","3.4811","0.27943","0.87","0.60469","0.99485","-0.095884","0.22487","-0.12888","0.13217","0.12519","0.19558","0.70606","0.082992","1.229","-0.2116","0.2835","-0.62827","0.1773","0.57902","-0.27102","-0.044176","-0.015595","-0.84186","-0.3075","0.075218","-0.0066872","-0.12546","-0.21981","0.58886","-0.18181","-0.080652","0.10163","0.13023","-0.32558","0.0020842","0.63378","-0.10335"],["-0.8364","0.98064","0.27943","3.8746","-0.89953","0.68996","0.20623","0.6134","-0.10751","-0.34231","-0.057712","-0.49392","0.20194","-0.15659","-0.39249","-0.42882","1.4654","-0.59303","0.38298","0.21083","0.49627","-0.13332","-0.027964","-0.048276","-0.59835","-0.47512","0.34315","-0.23825","-0.2456","0.094783","0.59388","-0.061024","-0.62193","-0.45719","-0.25386","-0.041923","-0.3613","0.49607","-0.60166"],["-0.33787","0.089523","0.87","-0.89953","4.0885","-0.48773","-1.199","-0.28377","0.45863","0.028569","0.42017","-0.093186","1.0301","-0.024552","-0.016866","0.33875","-0.17727","1.3969","-0.025769","-0.033459","0.11868","0.58525","-0.11916","0.69312","-0.16529","0.0025241","0.11633","-0.49938","0.54151","-0.23767","0.49209","0.083536","0.18467","-0.39396","-0.47553","0.75214","-0.16425","-0.12338","-0.39853"],["-0.59024","0.45367","0.60469","0.68996","-0.48773","4.9234","-0.85007","-0.022658","-0.0065244","-0.52517","0.55311","0.21768","0.44013","0.012575","0.68828","0.36099","-0.23703","-0.80282","0.69525","-0.056567","0.32247","-0.50582","-0.53694","-0.25141","0.14579","-0.24359","0.37392","0.62783","0.13697","0.051112","-0.052231","1.0225","0.70931","-0.089553","-0.14452","0.31997","0.37576","-0.6683","-0.074262"],["-0.63228","0.061848","0.99485","0.20623","-1.199","-0.85007","3.7534","-0.4626","0.20847","0.46274","0.038595","-0.81017","-0.73147","-0.17724","-0.48513","0.46719","-0.65711","0.11876","-0.4463","0.92396","0.27977","0.065998","0.54582","-0.37037","-1.0725","-0.26082","-0.31114","0.22079","-0.30532","0.11552","0.44971","-0.26581","0.35891","0.40774","0.4839","-0.22243","-0.11809","0.35499","0.166"],["-0.97724","-0.42227","-0.095884","0.6134","-0.28377","-0.022658","-0.4626","5.7018","0.093986","-0.03184","-0.58962","-0.058079","0.8569","0.093799","-0.61517","0.35086","0.58358","0.69466","0.060966","-0.24789","1.8639","0.078393","-0.25126","-0.29198","0.3573","0.3372","-0.17025","-0.43532","-0.017416","-0.29058","-0.87473","1.033","-0.68506","0.4201","0.21513","0.025693","0.35816","0.40413","-0.25721"],["-0.33656","0.4709","0.22487","-0.10751","0.45863","-0.0065244","0.20847","0.093986","3.6661","0.046817","0.064924","-0.065754","1.2103","-0.57527","0.84055","0.36525","0.51526","-0.041644","-0.72736","0.23041","0.082224","1.5031","-0.077014","-0.26892","-0.13438","0.59077","-0.30788","0.56048","0.43435","-0.081461","-0.26303","-0.37819","0.55669","0.083709","0.95604","-0.0014343","0.024135","0.11537","-0.067706"],["-1.1885","-0.50157","-0.12888","-0.34231","0.028569","-0.52517","0.46274","-0.03184","0.046817","3.1431","-1.3634","-0.11723","-0.10447","-0.77332","0.020769","0.52356","-0.43604","-0.25039","-0.13189","0.068115","-0.32036","-0.022674","1.252","-1.0084","-0.57922","0.19009","-0.15722","0.023349","-0.28069","0.047552","0.10892","0.1203","0.17096","-0.59986","0.28916","0.50483","0.25203","-0.36516","0.057797"],["-0.752","-0.43533","0.13217","-0.057712","0.42017","0.55311","0.038595","-0.58962","0.064924","-1.3634","3.8619","-0.83831","-0.41309","-0.4727","-0.017858","-0.22751","0.098918","0.51448","0.14721","0.27382","0.15341","-0.025557","0.038684","1.9068","0.11323","-0.24673","0.24994","0.1871","-0.3932","-0.32763","-0.062099","0.13229","-0.45232","0.53475","-0.46843","0.043985","0.22327","0.16673","0.13283"],["0.22848","0.74074","0.12519","-0.49392","-0.093186","0.21768","-0.81017","-0.058079","-0.065754","-0.11723","-0.83831","3.4965","-0.5677","0.090299","0.9005","0.16764","-0.058289","0.92829","0.42566","0.02187","-0.30113","-0.16439","0.04963","-0.677","1.5087","0.26325","0.33507","0.031043","-0.20755","-0.42561","-0.35105","0.070535","-0.2256","-0.10846","-0.37061","-0.3156","-0.068549","0.67325","0.17925"],["0.12789","-0.1965","0.19558","0.20194","1.0301","0.44013","-0.73147","0.8569","1.2103","-0.10447","-0.41309","-0.5677","3.4792","0.48536","0.073538","0.73171","0.48988","-0.012493","-0.16496","0.30442","0.18941","0.70251","-0.055337","0.049849","0.58388","1.4749","0.19145","-0.073682","0.40498","0.50437","-0.45592","0.26612","0.01432","-0.16319","0.037668","0.17033","0.38454","-0.17939","-0.54512"],["1.541","0.27965","0.70606","-0.15659","-0.024552","0.012575","-0.17724","0.093799","-0.57527","-0.77332","-0.4727","0.090299","0.48536","4.1398","-0.516","0.61713","-1.2837","-0.63123","-0.157","-0.11783","0.15532","-0.077959","-0.22","-0.12405","-0.18384","0.64658","0.59091","-0.4027","-0.46351","-0.35873","-0.13769","0.20923","-0.84794","0.028149","-0.11502","-0.84236","0.058908","-0.092389","0.39447"],["-0.28919","1.3773","0.082992","-0.39249","-0.016866","0.68828","-0.48513","-0.61517","0.84055","0.020769","-0.017858","0.9005","0.073538","-0.516","2.666","0.24943","-0.0052925","0.055119","0.23578","0.37923","-0.73553","-0.028573","0.29589","-0.19